10000
-642|-118
-198|-713
-721|111
982|775
-66|-371
339|163
169|27
-368|-523
949|198
-510|745
432|-742
655|634
448|-66
412|-108
972|-554
552|192
-577|-52
-94|-156
-934|294
994|-357
43|216
-860|242
-658|-618
937|380
396|-515
-679|-707
223|864
849|-606
-603|271
-936|934
902|747
-415|-906
-882|-451
-845|-604
122|-601
759|-825
-267|-975
-767|426
842|61
-944|-146
-273|35
-122|-494
-969|-969
-277|-730
574|-384
564|-331
295|610
993|-262
189|-151
-431|-589
737|201
757|859
859|324
867|250
171|887
850|270
-507|-664
-172|209
365|-242
-341|-126
222|471
-996|-582
-753|-588
-858|-574
86|-104
414|254
325|223
-743|1000
89|-63
-593|316
91|749
-50|-724
-52|-677
-928|-971
919|-536
-88|-520
-45|-3
-841|-945
965|-549
278|838
165|-644
-300|-875
469|942
7|-136
-220|78
630|-111
-99|-285
792|616
416|-735
-60|-311
-966|215
-972|739
-105|977
268|-269
117|484
312|-588
316|877
276|51
-297|-820
866|-965
643|-700
-15|-519
583|-540
-635|231
698|-174
-612|54
870|-955
-523|147
-135|-690
-141|-446
-569|-299
605|-732
903|781
82|316
-470|-732
-783|239
462|-315
490|53
483|-896
-797|-366
-14|532
-369|964
297|578
137|-199
170|-871
950|522
-949|-254
987|-687
-218|120
366|-438
-667|743
-93|504
-974|-95
641|-408
190|160
-775|847
-824|909
164|562
484|63
-688|741
712|392
567|-867
960|920
95|-56
211|276
702|609
-56|-580
69|349
-740|595
581|-334
-171|810
291|-902
794|-239
-924|-524
187|212
293|-332
829|449
200|-922
-396|-417
-700|390
-244|195
-60|325
105|-286
-155|-18
-488|-620
694|-904
-395|665
-84|-363
-419|408
660|296
-75|-151
-367|-543
-309|-240
556|431
-523|254
-177|35
990|921
-718|260
-292|424
667|-341
-131|-868
84|-150
345|-121
-937|-878
-737|-992
160|-636
-972|-889
-580|530
-94|-247
557|-326
-951|747
-215|-906
650|-600
496|865
-9|-602
-945|-518
188|-53
-473|-416
400|-886
-238|-967
327|-917
755|-492
897|362
-310|953
701|-402
627|793
308|640
717|591
732|-367
-171|-631
-453|174
910|-359
468|-182
453|192
805|-517
-574|-667
344|816
911|142
-616|824
383|-304
785|884
738|781
879|595
-964|-295
963|-197
290|333
931|118
711|797
-921|64
-457|508
233|-271
861|669
-449|-32
-941|739
-723|-122
-783|171
830|-104
122|-574
393|-235
930|50
941|-463
311|-594
-171|-332
-547|565
677|37
382|762
-483|-714
194|813
632|-78
-390|628
718|-184
246|812
-962|-232
202|-140
-709|-730
-302|919
543|-923
223|703
-242|-80
810|-139
645|537
957|69
672|286
-125|-903
219|-477
-380|909
1|-423
755|-594
873|-782
532|839
129|-207
-120|-166
-175|-354
27|209
-140|-372
-224|-41
-917|949
-847|-800
60|-181
-694|-706
-510|-899
-33|-410
-320|-42
770|-759
70|385
-565|199
-509|-684
-356|986
303|-750
-293|251
625|-823
-589|189
599|-416
344|330
-426|-736
-449|668
-755|-101
-550|700
275|-225
258|744
450|525
43|399
647|-743
-114|-896
638|-889
-229|-929
-400|378
635|-371
-776|-948
-459|201
462|-6
-686|783
-547|197
848|-357
20|345
-560|814
779|-270
420|-195
-446|844
-567|-94
250|-741
-468|-1000
-650|15
792|-210
32|-537
838|43
-469|-430
-831|-259
-137|-49
642|-671
246|-807
-5|-666
887|-49
-931|836
461|909
337|910
926|271
896|235
441|-760
739|41
-709|584
606|640
-601|-78
-86|-386
953|890
-646|42
348|-269
-18|251
-339|913
213|-85
990|-749
-310|319
448|-669
-659|217
132|-703
399|635
449|-95
323|-149
994|-49
315|927
209|494
385|16
842|711
-339|448
194|-611
-800|-414
425|284
67|236
37|-791
-23|745
839|-842
-443|123
-972|-327
463|186
-512|501
-251|910
-950|-19
797|-313
513|-71
679|726
-373|582
-189|-951
-410|-107
373|-209
477|-197
-950|244
-132|-445
329|-562
298|-342
864|-460
640|494
703|-291
-450|-584
-770|435
-12|-456
522|658
-82|-868
-739|-322
328|225
-537|838
-49|124
249|919
274|602
548|-761
550|-274
273|600
9|687
572|-60
-697|596
-792|40
6|874
813|-144
-520|166
990|276
-850|-291
308|-132
648|998
-479|-560
380|-13
588|384
223|954
724|-364
-382|-418
789|39
-754|-195
-636|390
-767|-658
349|22
244|-32
330|423
664|129
-856|-371
275|272
542|574
915|-580
487|-121
4|-525
-300|-623
-349|711
51|-306
-94|-664
284|-906
882|827
-476|-960
-469|807
-701|-820
-287|-370
921|-104
580|1
994|-880
-22|-528
-840|-318
228|-939
514|802
-688|527
-121|557
-510|-692
-54|751
-545|600
-374|180
-739|-307
319|-961
-227|384
-308|-425
-264|93
706|347
27|-738
-916|39
683|-100
-516|830
-310|-27
-221|-59
-681|-351
433|-372
992|-829
860|978
-271|-761
-265|-179
-26|-377
-528|-716
-289|972
686|-327
86|496
497|853
399|-851
-811|34
-419|-729
312|911
-168|-854
-183|-690
-250|-25
171|329
698|254
52|565
162|-413
-907|953
318|-735
-966|-828
-109|407
-456|302
-343|-724
-593|733
771|783
-291|-124
571|-742
-83|-511
-97|936
-768|-151
-233|574
-237|-968
-388|-48
-962|729
-450|820
983|428
-797|995
-66|362
190|461
-420|424
-839|-743
-108|-623
-117|612
-406|-570
-29|536
-979|-687
424|-160
-377|-967
828|48
973|-472
-762|288
-899|-431
-557|393
-135|-39
917|-906
611|210
-888|-559
-899|586
-508|-769
397|411
665|-570
718|762
-900|-159
540|933
-61|-739
-696|-300
-165|-345
992|171
339|574
593|490
-364|354
37|-296
474|44
-226|-340
736|-879
-774|-68
45|-208
-16|-890
577|1000
943|793
968|-283
-814|434
184|780
849|133
221|-68
-970|-222
-537|-511
31|717
590|-184
331|906
322|431
614|-959
579|-769
-799|-541
-1|869
761|414
-50|126
-335|-763
-64|-195
976|-496
119|371
321|274
827|571
-915|41
-523|563
101|768
-555|-935
-371|370
218|239
-351|-603
-265|845
-259|454
362|441
553|-152
-66|-659
-23|931
-247|820
-683|-95
-955|-534
257|-748
-944|846
-712|659
-591|-587
781|-174
746|878
413|23
-753|184
-327|163
-320|875
251|-798
244|-644
72|-378
-591|-819
-79|-608
449|895
-7|317
29|377
152|-949
965|657
-14|-749
201|-120
-962|771
-428|998
-591|632
13|-689
-428|641
-296|-166
-283|188
-834|-256
-548|161
878|-923
260|258
916|411
-785|-284
315|723
630|-719
384|985
371|-568
120|219
126|-80
490|865
232|428
789|-362
-966|425
-31|49
-708|832
-567|490
-471|-698
106|-556
-365|971
-403|46
-796|-422
580|224
275|138
-588|465
895|191
33|-780
560|-211
-497|846
-170|-712
-666|616
547|-871
-906|-467
-903|950
-700|538
442|-402
190|793
-53|163
-752|-981
341|632
-552|658
-279|-823
-487|487
344|-776
-743|-907
-114|-649
-470|129
-203|-875
89|-24
945|342
464|794
926|-411
-431|119
297|-239
-178|-479
536|253
377|-511
716|370
-894|16
-698|613
-565|634
358|-36
332|158
-722|285
-450|551
406|-279
222|979
-815|-394
-850|388
749|-672
40|622
-110|290
648|-201
815|959
691|979
-830|-853
345|293
-938|537
575|-316
-245|-857
-306|144
155|97
-520|395
-152|-254
866|-335
-771|-451
138|-256
-811|-801
-896|906
839|-98
-87|655
344|-104
-323|-752
-847|663
-632|523
289|998
-278|-29
947|69
282|951
590|-441
-949|910
141|854
-257|-996
871|-512
-18|246
210|-345
43|-378
479|-372
-963|-757
-209|-573
679|-2
600|-561
159|-100
-215|932
337|125
-577|847
411|869
288|842
-454|813
370|903
673|133
325|999
263|489
-970|31
-12|-473
-688|-752
-809|930
885|3
-760|-558
-737|-93
202|908
-725|481
378|-926
119|146
610|4
389|-280
65|-367
-537|-438
-15|795
-149|-177
-51|36
481|364
-493|-648
-552|562
-434|-678
-944|-757
-261|73
-965|522
42|30
-862|17
363|-640
-261|-685
374|617
403|-380
883|-793
-279|277
-212|132
12|819
-667|-30
-113|583
244|439
191|939
-723|-948
-702|909
-876|-435
86|-23
-720|-941
-925|968
527|452
629|549
780|360
280|979
-816|-343
-133|733
-593|-731
-641|-424
-938|838
-661|803
605|697
-504|-191
-44|-623
-372|603
-867|452
-776|886
625|496
626|-358
661|212
-519|445
601|-274
841|428
560|684
-747|-271
-701|-160
-628|-664
-928|-296
786|-962
107|-953
-198|888
-730|-287
243|736
-568|-475
-13|-471
130|309
741|68
-639|-813
-838|842
-16|437
-55|-600
399|42
365|-541
-96|526
-700|803
212|210
167|-503
-62|669
765|810
-399|-281
-952|-434
-608|689
-895|163
-800|851
-222|949
-944|-851
430|-764
669|-433
-6|665
783|46
-619|306
-890|-185
916|63
-649|-352
648|560
932|-849
158|593
710|-6
-696|-247
-391|-181
908|505
843|-177
898|-374
-95|281
-246|-500
-809|634
375|675
631|-149
-173|-217
-79|-160
151|-79
-831|-971
207|280
702|678
254|93
-52|528
778|64
325|39
-85|383
-304|996
-150|-882
389|-995
841|888
737|395
758|668
-468|970
246|-975
154|755
99|676
176|831
977|892
148|-334
-880|333
652|-659
955|314
-959|73
382|377
461|670
720|-306
721|-479
-618|303
-211|980
-876|-604
-391|590
668|-1000
903|-814
429|304
212|-751
-588|794
245|-951
363|-178
-787|351
-404|682
989|504
773|-698
439|-988
214|-487
105|-102
-359|-362
287|-425
844|-936
338|-523
-709|619
265|147
259|80
-767|70
257|-832
497|-338
326|-584
569|-424
-589|517
-873|134
-153|-283
-472|-935
396|-12
-341|680
-644|-686
-722|-688
-327|-958
260|706
836|-946
649|529
629|800
947|-22
-28|-974
731|-60
365|913
49|124
-30|285
-663|-637
-985|-909
768|-900
-143|-625
307|-33
943|829
-956|688
-694|-723
615|84
-919|-644
805|421
349|16
195|-766
-768|-886
287|-169
-936|283
-564|281
-717|252
-432|-226
-145|807
-475|528
277|-405
622|24
406|164
838|811
138|488
-588|674
523|205
99|-663
134|-148
548|-359
77|-363
-226|13
845|245
-637|916
-71|892
163|-554
685|472
38|240
497|894
-520|495
-901|810
561|245
-841|-711
468|-480
-787|3
292|-522
302|44
254|-716
686|707
722|-542
-115|261
143|-811
-123|-247
-117|-407
217|183
624|-718
652|-932
305|-970
792|230
213|-361
-855|548
904|-105
-754|-598
-339|672
-973|-665
978|707
-987|-66
47|47
-364|611
575|441
409|-923
39|-39
-54|-250
-448|37
349|-250
769|-79
-177|-245
513|-206
-356|-286
336|827
-121|616
-22|232
-468|706
902|-914
514|-23
-188|-79
-25|-237
547|-628
369|-749
-569|723
-855|-610
-397|844
896|219
-866|541
114|-180
-82|923
-595|-986
3|-297
451|994
-63|968
65|-376
989|106
399|-775
700|-413
385|-69
513|-309
-550|-106
191|170
-670|617
-288|505
-293|-172
775|-204
-614|737
271|942
-912|-390
-780|-70
-424|-11
-625|-533
-734|-74
826|844
-553|274
296|544
-903|674
653|-328
384|-969
-781|980
-482|802
-224|-48
262|-553
-800|-223
-251|-675
49|-53
-911|517
737|-515
-18|-392
-896|-271
-427|359
756|161
-753|-966
-948|465
-507|-855
-185|-163
-905|-968
661|49
-166|716
767|234
-380|-934
733|-15
79|-594
304|161
-720|351
-394|-864
-753|474
-317|808
-47|693
-104|-384
190|779
809|-351
-575|21
212|545
-309|187
772|-381
-924|-37
95|-323
-185|-866
-392|-376
106|896
259|-111
-530|212
680|867
322|502
-189|-264
-48|679
-359|97
567|-484
368|997
-254|-558
451|-138
468|648
49|412
74|-930
-800|-978
435|909
368|373
438|-502
859|909
566|192
-925|277
-642|948
-275|898
558|234
-9|923
-690|-243
932|-820
907|178
138|185
131|-489
-154|-936
-868|233
597|565
-572|97
853|-560
-801|-346
-100|741
-789|388
420|-580
-381|-936
586|-461
856|-588
-402|-80
-274|-695
977|-766
-793|969
525|-27
-146|828
159|-585
-280|-462
-223|-201
-671|807
413|770
-857|370
-600|-508
813|-408
-919|529
543|74
-370|-91
156|360
-713|-165
-369|842
830|1
838|-942
-225|297
44|-169
-989|737
927|-42
729|687
788|-26
311|99
-231|-33
427|577
712|774
931|-465
-869|145
753|-415
86|-849
568|938
-718|581
560|-106
509|542
-800|329
390|-110
104|956
-986|-78
-914|396
-118|-146
122|-914
-432|303
527|513
-546|722
-15|-398
-980|550
90|494
-26|632
972|43
-654|-739
451|-28
-304|-62
-98|314
729|-576
-233|154
-326|421
-985|-998
14|-593
-980|63
686|946
172|-648
832|-838
-301|-752
-299|678
162|-89
-544|286
772|946
576|-474
-895|831
-700|447
-945|778
357|-531
-314|255
-632|-691
-416|1000
-129|-617
589|817
886|115
275|257
-588|-501
-888|-576
-544|-687
854|-114
-764|933
-348|429
-893|-481
887|814
-414|256
363|433
401|938
-984|-336
-76|-817
711|386
363|883
-883|-286
-584|631
308|-369
667|-846
650|-2
273|115
434|-190
-768|-50
438|399
155|-536
-476|-538
555|-802
200|417
-742|-943
148|483
-901|999
-149|-340
-933|-389
538|773
-542|646
-627|-219
974|-657
-1000|922
-264|-912
129|500
-520|363
737|285
-467|134
256|777
-139|-49
-924|847
114|139
61|-807
-363|993
94|-398
67|-809
795|178
-847|-192
-3|-496
969|-357
-896|-659
-966|-50
-365|852
81|-50
619|-815
27|-90
-943|-815
-240|937
-666|880
-954|434
-57|824
-564|804
607|597
465|-722
-291|776
-469|315
275|-291
732|-527
-841|-369
806|-268
-720|-68
-403|-878
-963|-138
-965|38
-992|983
-331|-659
971|-646
-724|650
440|-410
-523|-993
-872|-904
783|577
825|-88
206|-744
-447|-522
51|711
-737|-36
-315|-616
423|504
-193|256
984|795
644|662
249|-53
677|726
962|289
-844|347
-269|267
867|-312
900|718
-142|840
-503|194
107|-85
58|183
-834|297
-209|-142
-66|-13
705|471
586|246
809|280
360|909
-391|-268
-772|112
-585|-34
-591|-923
-864|-898
894|625
877|911
-738|130
-836|-72
-923|506
496|-344
-759|-521
-270|-219
740|-701
-525|618
778|-127
-56|125
286|83
743|-62
309|-419
-548|-531
-452|646
-47|-904
-972|308
570|826
-595|974
722|-779
-192|-832
-207|105
600|480
-234|127
-730|315
462|-652
104|550
481|327
67|-178
951|-541
-805|328
-801|236
-931|-501
-504|937
91|125
576|648
412|739
-961|-998
-22|706
-955|845
222|-102
925|-475
-792|-591
-421|-391
216|-529
256|108
400|-612
497|37
154|731
-403|919
419|-159
-446|-555
-874|-888
914|-350
312|978
-801|159
-632|239
494|711
-594|-195
-617|-996
-882|149
-865|-135
-318|-60
-146|617
948|-646
-622|133
746|-510
-860|-490
-399|-601
141|-236
-849|-836
-404|520
444|-53
400|-306
221|869
531|333
-502|100
-195|-634
-181|367
776|-714
121|625
-394|-287
-106|788
-712|-700
868|778
-46|697
-76|527
139|907
-104|120
-151|-21
-468|-962
550|-514
298|21
766|-798
-319|-838
725|-823
747|355
401|-661
-440|193
-415|-120
-456|-273
-468|-643
312|-658
-301|-588
-241|127
679|686
17|400
-676|-143
-614|289
-26|-689
266|-884
353|786
413|-554
641|-230
658|801
-898|378
-193|-650
-808|263
-60|976
514|-536
465|779
638|382
-969|-618
143|-337
300|-328
450|-722
-809|-540
640|-977
513|63
-999|965
216|-728
316|-936
793|957
701|-769
682|159
790|-932
-640|28
-982|47
638|-507
-238|407
794|869
-170|898
883|-613
937|22
-316|20
-502|-770
249|-979
-2|251
109|181
974|621
-662|82
-703|-371
743|-371
7|-210
-933|964
85|-851
-111|180
277|551
79|921
279|970
-456|-446
-418|544
-952|-242
-971|324
122|873
38|-183
632|279
739|799
534|-520
-806|-205
-793|554
901|637
-814|-996
699|875
428|-839
325|-203
-49|507
-327|-776
419|-309
751|438
584|79
281|397
-467|-781
395|548
-107|614
344|204
460|829
-190|-895
-1|-874
103|-264
-857|-750
-677|-621
416|-315
755|-926
-253|-664
344|-690
623|695
756|846
-52|-182
-724|767
321|-393
-712|221
885|719
-350|755
-75|-114
340|310
-598|76
-147|504
843|757
-846|788
-979|-860
-24|-216
-274|-452
-588|323
177|-970
977|-975
-51|-952
-231|161
-947|-183
683|-990
-180|135
-271|757
106|343
-406|829
535|75
-308|-522
949|706
193|-463
417|-245
315|138
990|514
458|464
1000|-49
109|-459
711|838
942|380
-459|-488
-438|-89
220|-624
226|-944
-278|-541
492|232
-799|190
924|-700
-487|-516
800|231
-444|724
-387|-289
486|777
-658|780
-995|-379
-222|-56
217|12
-309|106
531|-24
-284|-316
-409|-261
-249|-794
373|-267
-866|-973
409|-518
153|581
-392|378
-270|-461
-752|-242
-261|-965
-816|-44
562|-110
-89|-781
-507|418
367|521
332|-383
10|-644
-720|-18
529|-463
916|-411
48|-466
536|-262
-841|654
-847|-235
-719|47
227|-293
-713|12
-914|-118
909|624
-178|328
-389|985
649|271
-823|-663
866|-363
-956|-697
627|122
-141|-30
-751|-262
142|122
758|-932
-742|45
-944|946
-228|-949
969|141
755|210
616|-948
-820|404
105|-534
212|739
-918|-782
-88|819
614|-770
781|-139
-459|103
509|555
440|1
907|-163
-909|608
-220|-687
467|464
-592|-283
-667|352
-131|111
274|859
362|-175
-905|214
55|298
-491|-604
814|-635
-397|363
-526|893
-901|531
910|-882
14|-654
585|192
-296|590
-347|571
-463|343
-847|-358
-560|715
636|271
-179|-974
55|644
1|749
487|710
68|80
-173|-343
-998|-960
478|-827
-421|792
-544|-546
-669|-352
-570|588
776|-403
780|-804
-416|51
-491|-961
-425|-747
-305|-587
15|-235
707|390
-863|-834
856|389
-769|-501
-801|-720
-271|632
-310|-371
267|-915
-122|-58
559|-650
329|-110
188|98
79|-914
-530|-972
-988|-729
854|685
656|318
321|181
521|607
-61|-663
297|155
-210|-656
-971|-74
-360|668
-969|537
61|-722
738|-317
128|805
-737|7
128|-201
220|-913
407|-780
-101|522
-472|-676
-189|505
-206|-7
-270|596
-558|-493
220|469
-687|908
92|771
909|497
172|391
-286|-880
-839|-418
-268|-880
171|-459
30|403
-30|-657
-78|-977
769|1
-341|965
308|617
547|904
-881|-141
-941|-541
19|540
948|890
917|878
-187|357
-856|147
692|844
742|-610
-469|808
-714|127
-490|160
893|995
583|-714
199|-41
262|-672
872|137
-367|-64
-328|309
-619|399
452|404
224|612
570|-667
235|-99
-649|472
591|-590
-487|624
593|188
-27|-927
-890|-748
-659|-183
95|-397
524|907
534|-140
-34|-191
91|792
778|-675
890|-690
-500|302
311|-665
-116|-967
-362|791
269|-385
-771|724
-36|543
606|424
476|-225
593|-487
471|-617
-944|449
-774|-902
-425|-630
721|-827
640|917
-335|-526
-113|245
-159|-475
-448|155
-369|-656
-164|-567
987|1
-392|608
148|-900
-84|975
-806|-197
591|91
836|-789
206|42
-385|-571
240|889
-872|-178
-445|-790
853|980
905|-333
203|634
495|-274
-540|867
303|295
712|175
-692|-899
-788|568
-188|249
418|488
-81|-233
-390|844
-66|271
324|590
538|-369
-385|-53
178|37
23|916
-978|854
-677|434
654|-897
110|330
-558|-328
860|-991
257|530
-42|-97
646|747
211|766
-224|541
657|-976
104|537
956|-551
-323|-200
325|-554
88|34
-530|-614
423|812
706|-254
103|980
97|123
-113|394
791|-965
678|-508
-798|-241
884|-322
-691|223
761|-900
88|-421
-992|-420
-949|-634
-409|493
432|-658
62|799
-363|983
-789|-753
-495|-92
216|-478
37|-131
931|782
-727|-413
-437|-308
-176|28
-238|-667
925|775
-125|-671
536|214
-657|97
834|345
-264|-377
823|602
902|-782
145|-593
590|-250
-815|-122
-190|-523
-441|17
-349|253
-675|-552
21|-739
-778|75
341|911
-376|-991
-623|-538
-997|-45
631|396
880|-499
-940|-347
-125|695
-285|-923
-622|727
425|-696
-761|374
-628|-834
-894|-725
460|-239
420|-282
-259|312
-343|40
-74|114
98|41
-586|421
-147|-355
-87|-924
-243|378
-516|454
-248|-23
-461|833
519|445
-772|-927
728|297
12|-425
954|-38
698|-918
-822|-70
247|335
-881|-302
225|-30
-843|-385
-469|-877
902|996
1|323
757|-212
-409|160
61|-859
807|202
652|-444
-587|-58
457|372
710|-958
909|-539
-4|708
-194|-36
-664|687
-892|-882
541|796
-915|-406
-14|159
-384|-128
-175|157
-989|-766
403|229
763|988
725|-925
-435|490
-345|-600
591|57
985|607
904|180
568|-686
570|520
979|-821
921|-178
-462|981
581|280
696|184
-945|451
268|-525
95|76
865|-59
-914|-851
-450|293
-725|464
-328|941
-611|-413
981|-320
515|-487
108|799
927|-833
-991|-976
160|425
550|-657
-69|-812
-489|249
592|909
-276|833
122|-753
-142|697
470|548
-976|768
-7|-477
598|-686
-629|633
-369|-380
366|-577
78|-22
-644|-240
594|659
815|613
-183|606
417|401
-370|571
-35|-600
-886|738
238|370
-564|-965
136|277
-278|956
-303|418
551|908
389|-472
372|837
968|184
195|-776
643|-533
922|-459
10|43
-966|871
-635|-458
665|-562
912|-155
101|-58
82|116
758|-229
-681|354
-533|-224
23|780
-592|-965
-376|595
-693|914
-231|-150
-654|727
666|925
-747|946
184|876
710|990
-943|298
-744|744
-414|527
423|-28
493|108
162|552
-699|887
583|813
664|-673
406|545
-813|-355
147|-820
944|222
842|581
-605|-256
-368|-59
314|-900
625|-559
794|-584
873|896
-632|-259
48|896
937|258
-859|-447
998|-253
-323|858
327|-745
-231|-385
961|-870
957|91
25|-267
376|281
660|347
198|-64
883|-18
30|567
332|-284
-749|-527
-947|188
692|-242
263|-605
6|723
-967|-743
-842|288
767|78
164|-82
-540|-963
-241|-292
918|68
-597|-63
-535|-724
860|-528
-716|-169
537|-435
123|188
989|377
61|677
787|-948
734|769
-400|-28
-827|449
50|442
-191|452
-429|-105
-292|824
615|793
-952|218
153|260
566|-153
-533|-249
-843|-849
297|304
683|52
-733|-670
-407|537
27|-942
638|601
69|534
830|326
-752|-771
366|966
683|-769
944|-595
429|-255
-392|-268
267|-782
149|533
-224|-851
459|588
-742|176
473|-486
548|934
215|406
905|346
-670|-27
494|-981
582|325
-914|-310
254|99
809|956
-769|-286
279|-844
657|390
940|-73
-989|895
155|-857
431|704
-1|-821
437|170
415|-339
-360|-154
-388|216
143|130
610|506
-405|-411
-681|988
761|524
-189|301
-927|-614
-87|-18
-621|-960
475|423
806|-740
39|-152
-384|-426
-783|572
972|303
876|800
40|316
-209|451
-294|-406
995|851
369|286
156|-335
-260|-495
686|-397
551|-355
-561|156
50|-972
615|-916
-259|711
513|439
-601|774
372|957
826|212
831|-714
318|-97
-436|196
474|-861
-192|-476
-711|-496
-998|-70
-17|351
-341|-872
352|-587
318|-480
925|-847
-311|-410
-834|-524
604|-792
-31|489
522|666
65|-465
-854|612
-514|314
655|5
430|207
395|574
-322|579
-621|171
-258|-288
-786|-403
865|853
-134|714
-184|-560
187|-688
752|588
516|951
620|-674
978|634
643|618
-750|8
590|-108
-153|-565
-365|58
262|390
-256|-191
-991|842
790|-249
-849|-92
-645|277
794|-687
-545|303
71|-980
-716|737
-269|108
474|629
-613|942
336|10
-495|740
-554|521
-142|134
-18|-503
670|107
909|779
830|-588
-944|61
349|600
-177|-514
-340|-169
-757|-416
-550|-667
-598|107
582|-626
247|735
187|781
888|766
-944|520
854|-903
-899|-758
253|277
437|512
-594|600
-150|255
-849|455
72|3
-609|88
91|770
-581|-432
415|444
346|739
-63|-237
-510|-525
-103|412
-827|210
-881|-68
219|-249
388|-31
-425|-27
748|-773
-139|-255
-984|-436
486|928
203|691
-290|-295
706|23
-860|190
-1000|902
-414|-694
-480|763
-60|-661
-189|-202
-321|-990
427|-915
19|-704
-45|484
-527|-404
568|775
-255|806
-189|-284
357|484
-351|412
685|-456
558|-308
514|-823
-973|149
934|316
-233|455
683|-419
321|-184
238|277
746|720
-231|-70
-879|126
-630|-202
339|-973
843|427
830|145
-475|486
-46|613
-696|-888
-186|-913
772|-955
964|127
-574|-368
729|101
381|-241
-580|571
251|932
-321|378
-816|176
613|495
552|-916
-696|-198
-390|-457
-936|879
-771|-163
-611|-927
67|541
-426|-233
120|880
-233|112
-217|-983
-463|433
946|832
581|907
-974|484
-596|525
668|-194
-370|-468
222|-892
-794|680
172|372
-425|-857
-826|-236
61|-838
996|613
-321|-328
-520|-751
-523|409
-689|487
806|-865
-527|-717
-307|-855
104|-824
331|-390
-351|-691
401|855
-265|636
689|862
202|-111
-66|-269
726|558
63|127
-465|568
-114|743
672|-624
-879|723
78|-898
-571|338
147|789
511|934
521|774
927|-873
869|-600
-700|-713
874|-418
540|-945
282|-587
855|703
-741|-619
-901|-752
413|-723
961|552
-465|-984
318|-116
-887|-245
-915|-214
-423|-258
123|948
-917|293
-168|81
-728|77
-845|-351
-445|-234
-604|630
39|-674
-872|-778
275|181
-28|-182
135|-58
-76|422
-662|-147
-593|-97
-768|-922
232|825
-815|-220
394|382
-656|646
899|735
877|-47
64|124
-598|227
896|-407
-779|-780
276|-745
-121|544
-728|-921
213|567
-895|914
983|-729
-569|471
799|913
-977|-863
-51|368
-275|-635
-924|-713
-590|-48
166|-953
-92|590
171|162
919|184
89|-982
-826|998
-905|-117
-1|-793
658|-133
-861|-971
288|482
-128|-651
737|613
54|-862
771|-219
26|-640
-188|289
-167|-231
-379|-264
-507|-601
442|-252
119|5
453|-912
962|814
-935|-61
276|277
258|452
-824|175
215|-393
764|419
551|95
-113|540
-961|-44
490|-725
875|-358
-838|989
-521|509
926|-154
-429|905
-257|-22
375|935
594|629
15|981
-684|190
405|316
1000|-172
110|-818
919|-229
120|544
376|953
458|491
-632|276
614|-837
100|-362
-523|818
-178|-771
601|-896
882|-135
-595|-727
63|-289
560|-214
214|-632
170|461
-808|454
554|-38
95|-543
-766|-778
653|-204
831|-358
-112|-785
-958|693
537|-283
-865|-412
-250|498
244|833
165|290
342|-694
-416|391
-369|-672
-708|-154
-436|-862
680|-568
-237|870
58|-56
-953|601
709|-172
774|-962
-523|-35
635|-287
641|639
-117|513
844|483
455|-293
-809|-671
-56|-148
375|-306
356|877
-959|-462
-853|-76
-471|-159
-488|336
-65|923
-700|115
331|393
360|-459
-308|-486
-879|98
-137|264
810|90
-787|-961
200|140
206|619
-129|-566
537|-576
381|52
929|416
769|349
744|785
-711|-519
-599|383
736|626
-819|-551
466|246
-416|614
-745|-61
-324|700
-517|165
-591|220
238|482
589|-583
-253|676
110|-348
-380|529
679|943
-672|564
-28|777
233|49
-880|603
862|-421
551|262
-68|-148
458|-677
-267|-718
-78|-389
-44|-409
359|865
-92|594
-135|-146
361|-879
-356|41
-739|345
-133|-747
-135|817
-767|-887
-14|-87
-514|399
-560|222
-263|319
-852|928
-571|-508
978|749
505|221
871|-163
-901|-402
718|92
-177|-654
563|819
400|-215
891|616
-61|-385
346|-544
908|441
-487|-947
-667|435
579|654
-976|-754
32|563
-216|-111
-927|-932
669|724
203|675
-40|-847
-929|-614
477|-909
406|-97
419|-185
-747|450
-713|542
-409|338
-867|-66
-944|455
-265|-967
74|-123
644|896
53|-758
356|82
922|214
-980|-722
62|-447
-108|445
-908|-696
-243|604
-494|-930
-36|700
-350|299
649|758
-166|310
594|-19
-163|-646
-645|-956
-620|953
998|86
-362|731
739|437
82|803
461|-38
314|895
619|-990
358|126
-202|780
542|-215
161|823
952|532
84|773
169|635
-659|-693
-156|826
387|-404
-276|412
305|-786
452|583
917|970
-464|111
375|-592
813|102
-791|-549
950|103
588|689
846|-801
-763|-846
642|-234
-498|607
-359|-261
454|260
17|-607
-564|-953
-682|-392
41|-782
-78|-352
-31|-118
90|-430
-215|780
-136|-199
-902|-612
419|-5
15|-274
927|-484
-258|-909
-795|-608
-891|316
61|-969
-144|657
79|-233
971|777
-150|597
718|252
-459|424
-772|783
-977|985
-877|-75
680|-817
-404|543
-134|665
225|908
816|403
691|691
-506|539
-472|960
768|590
421|21
-912|227
-168|-715
801|-233
29|999
-123|-435
171|613
-727|41
599|133
3|965
-911|-389
409|445
382|-26
190|132
799|-514
-926|764
-664|737
-983|141
186|153
575|203
167|-605
403|-784
-905|-257
-302|163
-865|-446
-236|-708
250|-999
-378|357
661|317
708|678
-265|197
-138|-543
-42|500
-15|98
-235|-758
-32|-840
621|691
-88|-837
-861|-580
-470|-898
-832|-746
845|401
-613|-967
779|-513
434|-836
692|-992
669|925
91|-192
863|-887
-235|-299
680|-807
-189|-745
-308|-309
-437|850
-131|968
-213|379
330|-954
860|100
-402|-280
-960|653
831|333
-638|-215
226|472
836|991
366|6
-343|688
994|-801
-792|-867
832|204
-660|922
-270|488
-492|585
2|-549
-162|781
-828|771
-521|179
-899|328
-949|-519
-251|-510
-30|333
-18|-152
-353|688
436|79
333|-270
231|869
-899|655
-14|437
940|-638
-906|-900
-487|-264
-782|631
-305|49
226|886
682|194
120|5
-645|-319
-479|-439
-510|-292
793|543
571|980
-216|-523
373|911
-128|-960
273|-979
493|252
-4|-388
689|650
63|-943
-487|171
-995|-605
-186|32
-110|428
515|-630
185|889
70|-182
729|107
175|-890
-502|-845
342|-129
586|-79
507|-301
-362|301
-614|-536
485|813
151|727
-152|43
-766|-846
-50|626
939|344
-895|331
25|851
-258|894
-310|495
340|247
578|-635
-395|769
-730|-727
-529|-922
-842|858
515|-149
907|993
-697|-870
818|-847
-102|531
-53|-78
-224|144
-255|-348
809|261
-539|628
-746|990
-483|964
-697|-128
-499|-143
393|332
-823|358
648|613
822|-719
-940|-340
756|-26
-748|343
-940|-418
-581|75
724|-731
-549|696
-63|478
276|294
243|-801
-29|160
-739|838
830|-127
206|338
-854|956
550|-566
-938|912
-91|-213
-824|-838
-196|-74
109|484
-420|116
-748|571
889|147
431|-608
862|-502
-15|306
96|25
300|-844
321|74
456|-926
673|546
623|-644
-287|-476
988|963
-346|-975
-497|869
-382|-291
-567|-632
-693|419
-729|-144
75|-160
-845|297
308|-858
362|253
-208|485
700|-181
636|-89
791|-683
-174|-936
507|-764
-595|-944
-552|859
-550|475
-485|385
865|-138
448|720
299|117
807|351
913|594
22|939
-613|601
-760|-990
885|599
730|924
953|922
426|-285
714|-475
809|-569
701|-986
140|-650
781|35
988|-536
161|-498
753|621
807|-367
-124|-177
98|104
-361|725
852|-120
478|394
-279|63
-919|269
967|248
-974|-621
272|381
-456|-519
-907|415
910|-940
-370|138
-519|652
271|-349
-793|-206
895|-76
-450|-342
-587|194
-218|-371
893|879
205|-803
-480|-548
-610|-269
-209|-793
-660|-293
-647|-226
-756|-299
521|120
-924|-870
-249|-516
-652|96
-696|309
386|473
-715|211
-90|-645
52|893
-49|-20
-407|389
-956|515
-753|910
-507|-341
443|-258
-989|-277
-198|-259
766|-254
776|-540
276|-489
-120|959
-279|-816
-793|-494
-334|544
931|51
992|-538
476|-946
849|669
-868|-705
-63|86
540|-935
702|608
-267|986
778|-310
792|686
655|864
-748|-82
-496|910
929|-117
-462|-182
-335|-735
-557|-695
-982|-891
387|460
134|-269
-900|-892
-635|-801
-574|388
-382|112
-77|-45
507|35
334|284
417|135
638|-417
-178|592
951|294
-993|-762
-393|479
651|345
707|347
-587|475
-505|680
-621|335
-509|-745
-357|-236
670|96
-626|631
445|-913
898|480
764|-280
275|-321
297|368
-625|-610
-526|23
-499|-11
-588|-217
15|-462
634|-970
-652|-959
778|-159
848|-800
-870|160
883|135
6|915
257|-453
-194|133
789|151
-955|271
-454|-228
378|996
41|131
-844|-732
-383|732
895|892
-545|-490
-961|-623
-616|424
14|-596
-572|-488
174|-300
811|43
312|-106
316|-259
-800|-970
-467|-902
-739|703
-295|-965
3|-788
-312|-70
635|-238
68|144
710|222
-816|260
741|-927
963|452
-294|-623
-985|271
-611|976
651|246
-940|-418
495|854
883|580
564|512
-937|613
365|-924
314|6
910|-956
635|535
520|-391
742|459
288|-724
-160|-173
361|-633
-392|-491
-145|-276
-995|845
-35|-689
-819|55
884|-394
-426|466
656|946
962|489
308|-485
515|-521
-292|-385
-730|61
935|-946
-242|516
685|193
-295|913
-19|104
43|603
-29|-642
-45|-307
229|235
558|-646
768|-38
838|-64
-891|532
487|424
794|-464
-751|175
-909|211
-630|-715
-772|277
-373|-229
-803|-166
-190|-409
-941|575
-349|129
147|57
-303|122
521|99
-298|591
167|-271
-227|-554
996|-6
491|-293
-301|-412
-153|-18
286|949
-737|951
9|-966
870|781
-835|-150
335|-842
-249|-278
-114|-470
-340|-508
-825|-696
676|310
-857|413
726|687
123|-384
-968|530
-29|-545
-131|936
577|612
-239|605
672|-386
-13|884
-766|365
611|-516
675|942
657|-606
63|36
-958|138
-809|26
954|-416
923|-5
415|734
837|-68
34|770
-271|-661
-413|230
-199|60
600|874
-566|440
-422|-688
473|590
-119|197
532|-475
-63|638
9|-880
-34|182
-912|-595
952|-353
348|562
-840|-172
455|-187
-119|-632
-553|234
-429|-438
503|-165
-972|-896
68|-399
913|-706
50|-512
-620|567
-200|-195
-657|504
767|935
-54|699
940|342
499|-532
674|-135
871|-57
-143|-176
683|-135
677|-490
-58|-980
-471|649
-314|1
-82|648
-947|-496
367|931
-433|-402
12|-732
-717|-463
566|-376
361|141
414|-760
951|-799
291|483
-941|-541
409|-685
-598|-729
-600|-792
-453|678
-682|486
-99|641
-741|-781
993|183
-332|-651
483|-111
123|931
-159|-42
412|964
-622|-422
449|741
567|866
-329|-856
179|-37
983|672
98|505
-726|-969
-586|65
144|-472
313|283
-585|362
673|147
993|552
-411|-473
488|612
-712|-864
-872|-337
-210|-1
-180|-849
278|914
-315|286
-505|-784
724|556
-591|-936
129|-608
-793|-601
611|459
936|-560
-229|26
54|331
243|283
574|-678
-758|745
-818|-402
350|407
698|928
-960|-128
554|-284
-624|-965
-738|776
-290|-447
353|-977
242|-125
-338|-569
-23|215
198|42
-895|-438
-740|126
500|481
457|-74
121|-456
844|-983
-288|-307
-224|739
-370|636
-952|253
-803|-816
767|957
57|130
-514|138
-286|-125
-519|8
-582|634
54|-236
-349|-625
-215|510
-560|885
432|849
820|400
706|-209
634|973
-14|-732
-840|-458
-580|950
-428|-60
-321|770
-886|-316
455|335
-959|148
-24|333
-829|-428
-297|-919
620|670
-456|-729
335|612
751|475
-846|-281
99|579
-308|168
-641|695
262|-1000
313|308
94|73
55|-320
-428|-170
-49|519
-200|-676
-263|-794
-49|958
-311|-570
623|553
-927|-591
-633|555
441|435
672|223
86|-452
-933|911
-800|-261
-30|145
-223|659
396|-256
389|-27
-226|616
508|408
-598|51
-629|51
-376|-195
-623|760
-840|650
607|-515
-313|-602
-307|-44
722|585
365|23
-17|458
-993|-944
525|417
365|-948
500|-762
538|874
847|414
-488|570
115|20
-336|949
23|568
-557|384
826|834
-57|-744
-542|164
712|99
801|-915
-774|364
587|-26
21|-851
641|248
228|-605
-522|318
245|-284
848|207
72|-629
22|115
-765|-899
592|614
731|-137
922|-141
700|574
676|417
-160|-674
-972|33
198|-48
209|-373
-416|580
-387|-172
-987|895
-604|903
973|-326
934|732
-879|-91
-905|-628
485|-118
382|-992
-605|-363
554|329
-928|459
736|-26
731|536
85|854
-698|-241
478|-162
508|373
-675|354
116|-944
-968|-246
-461|-168
-737|662
-160|647
-973|-296
-153|669
-77|503
-649|-574
-313|137
457|306
-763|-20
-553|954
590|-58
-737|935
-368|-770
353|-683
-883|-517
-169|-427
564|662
-27|-252
-193|622
822|432
717|706
-716|-900
405|-757
484|-482
-613|740
-551|185
51|-538
-971|-961
749|-1
-426|-591
-110|-502
-84|77
545|-732
109|-986
850|-87
-624|-559
-613|-894
-780|616
-573|-460
502|934
994|-61
210|-278
146|365
-217|-534
923|902
110|81
296|-57
-519|581
249|838
-103|-437
-31|-921
-210|534
-966|46
900|394
111|-423
-745|341
783|402
-907|-925
-241|-317
-610|350
797|580
-926|399
113|-917
259|50
-505|357
178|580
-763|-112
959|338
311|-539
-675|-271
-853|-157
-980|569
464|326
532|-772
599|-595
-197|-351
-804|242
119|-851
-961|-695
-787|210
-623|605
-189|318
-568|-65
311|-54
324|323
-192|-841
697|-303
814|128
-529|727
557|-134
252|-828
-926|727
-496|-152
991|977
320|804
522|-526
-150|301
-374|-798
-500|31
437|-605
801|744
873|-245
414|-423
365|218
854|220
-527|-435
-695|-86
-986|-755
-320|-670
-47|-16
365|-996
942|-687
729|-915
873|642
-470|145
-609|-800
-248|-2
-612|-909
-1000|-400
-601|285
643|500
-624|313
374|-12
123|-230
-900|-969
-166|215
-576|856
-374|869
-987|-360
-945|259
557|-42
-909|-799
573|-911
647|-595
662|975
-725|-911
-923|877
208|-479
-159|-581
747|-435
-627|-305
783|-38
-156|216
389|792
-630|-874
-19|-996
474|-376
55|392
-733|742
-19|-371
715|-297
481|971
-96|778
764|-656
-393|878
-776|-518
355|167
95|747
648|-853
559|636
487|669
321|-747
-190|139
-422|-319
242|-958
317|-929
-940|-891
-510|305
-532|-272
744|572
-153|-35
834|-856
-470|-928
-44|353
-197|319
-154|-778
-110|-273
883|-215
-800|-143
471|-998
65|-606
605|-232
566|-86
-371|-938
-243|-315
-116|-504
438|930
-90|650
-742|403
-716|956
626|-998
-414|-540
12|-955
-512|-432
489|-319
294|402
453|378
422|-403
902|250
-652|446
-227|-387
680|-438
394|-440
-289|-17
-387|890
-474|258
-810|-15
144|-592
-240|-638
-206|103
706|-492
-973|-649
-987|436
172|107
-394|713
875|779
914|-819
334|599
475|-850
518|260
-29|636
783|520
714|-836
-396|-146
638|148
-9|575
-90|196
-857|263
507|-951
-584|303
948|288
-709|-398
213|-765
80|-711
439|-566
948|367
157|584
334|628
-146|-236
187|-762
-12|-635
471|-508
73|-224
658|581
667|-380
303|-37
-404|-293
212|-214
288|-247
434|-872
95|342
-558|-204
72|50
-224|317
-480|-602
294|-612
-722|-439
252|-822
246|-644
819|-513
141|-197
-894|418
566|822
-51|461
-868|-431
289|-987
-280|-429
516|9
393|-598
111|-476
-303|257
658|-795
848|-403
781|-432
24|-177
530|-302
-866|339
384|-685
919|-296
-805|-964
-101|-812
-142|-880
-663|16
835|-36
644|986
-450|78
342|-763
319|-642
958|979
-148|-79
-110|791
239|-691
-310|443
-66|779
-759|880
-520|973
-523|-290
-301|921
760|159
-221|-643
-662|927
-804|665
-298|-297
483|-178
-424|-536
238|-213
66|-640
692|338
-850|436
-298|-369
16|-357
457|-864
80|20
-171|-754
-14|-143
99|825
609|-937
-894|-430
-979|-90
-762|741
-939|973
-526|-434
928|-291
702|-685
616|430
-911|-861
-301|-50
84|-73
-676|-987
-487|-781
439|-418
913|876
-837|949
-482|-249
-978|754
982|993
79|-247
194|983
-715|612
-348|868
-330|-100
554|125
-559|-123
954|464
90|225
221|671
-608|355
639|-143
-536|192
-352|-96
789|-679
307|603
-626|76
859|-972
-987|234
-738|727
-766|569
-159|-262
900|-993
-841|-757
268|894
972|88
-591|460
303|88
-134|-776
-62|400
-926|-536
-215|-57
607|-86
271|-25
-604|-380
27|-425
659|466
-974|308
966|-972
446|867
423|786
118|572
-874|-976
673|-913
-708|734
949|-764
59|-260
-40|463
-41|-725
686|63
-893|-822
661|137
446|205
501|769
-680|862
390|112
365|-269
58|-55
826|870
-244|-609
437|170
636|-939
714|926
-354|412
453|-331
-811|903
74|44
-818|-489
98|-159
-49|967
611|-996
733|-157
317|315
884|70
229|832
275|1
989|-336
-188|890
830|-101
-913|412
112|882
380|-488
-847|-721
-910|153
-797|-942
-146|-286
-122|245
622|-130
-969|-111
-252|-679
-837|-761
627|695
281|-835
607|856
-363|-383
-599|637
351|-257
-946|-595
-56|-355
-424|-549
372|698
-572|283
379|775
-80|158
-592|-93
-134|418
-982|707
-761|308
179|-206
170|-330
-572|578
57|225
-643|-778
-313|632
511|-515
-448|-916
-830|-738
255|616
-453|557
775|-193
821|-672
-610|-866
137|936
-778|410
452|-127
-417|193
-867|935
137|-979
-47|-624
-999|-115
1|-493
433|861
-464|-107
-617|39
868|55
-812|28
-552|-596
938|-857
13|-971
-36|681
47|-835
539|135
939|319
940|-55
-642|744
-489|-942
719|864
659|205
865|150
-715|-22
174|-631
464|-272
636|-694
-773|-171
299|-758
589|848
900|-303
-160|750
550|-678
-542|-731
575|621
453|827
466|-928
-107|803
-803|-935
-635|435
995|450
-165|540
235|-486
-314|-696
316|895
-883|-89
-22|-468
596|-339
-954|986
-632|-161
930|73
722|407
-83|-238
342|88
884|-958
884|-609
635|128
257|121
-941|710
-309|-911
-935|-708
787|-117
-691|640
-153|848
-561|-785
-639|-594
309|-115
469|680
413|432
568|-573
733|-322
905|604
811|15
880|-329
106|32
425|-277
-385|723
-464|494
-693|30
-532|416
88|-960
761|578
404|630
551|594
-961|-774
-835|-870
-429|-235
-728|-980
-708|142
109|-441
-826|-698
484|353
462|83
306|110
-442|-754
531|159
-835|467
-372|444
349|631
213|-946
159|273
953|-710
492|88
-277|-508
421|513
39|651
-355|-724
656|-982
756|870
-167|-470
-336|165
554|-829
702|-304
-766|550
-698|-858
-646|332
-70|-193
266|649
-834|-780
21|228
-786|-727
442|-566
-823|451
175|114
786|-789
-447|700
726|166
-762|753
840|-481
540|-698
-982|-794
-67|-995
999|-570
-712|-780
659|-422
-939|348
851|-388
-477|805
-201|-130
-420|265
740|-162
59|-575
-199|-87
68|32
-411|-885
878|445
-654|601
565|-586
795|207
-46|-918
639|713
128|438
-275|-277
100|-239
134|-484
-815|101
-790|477
177|928
835|-989
-57|633
-505|117
-157|-253
-250|974
35|-214
-344|361
53|-315
235|534
530|-732
-528|509
795|-779
967|919
-628|-445
-365|759
510|-308
-426|726
931|-654
-217|-421
275|-84
762|571
-539|-463
378|207
-954|-922
-778|296
-324|701
858|-278
-671|983
353|924
-313|165
-747|-114
-688|147
-802|176
-219|-63
314|-931
983|-354
537|710
-339|144
-500|-316
-266|-422
-736|-89
887|-813
-282|-905
336|562
756|858
239|216
930|701
-80|-37
514|745
-401|-966
-413|-607
-511|784
-27|-663
729|-70
779|-726
599|-84
256|-327
517|519
446|-899
952|-643
965|-915
-788|-303
660|-59
-786|185
555|630
-744|762
-185|224
655|-427
608|149
-976|-166
-96|164
-308|162
-363|-439
126|327
-860|-349
-337|-529
890|-106
376|233
-875|-339
-490|-132
367|369
-771|-748
-82|741
-558|65
152|177
-312|-774
871|193
-925|-766
-946|-345
77|-193
268|-827
-940|-978
59|-129
914|-235
-628|129
676|-301
289|-293
-867|-807
-79|328
38|156
-65|539
706|-61
-714|-997
439|-650
467|-154
-976|977
-404|103
386|-904
340|67
60|910
-927|-431
-228|658
-495|607
-593|587
-109|314
272|698
360|-787
477|901
-465|-766
607|894
372|427
65|-843
-534|325
384|712
26|-284
-575|-88
-643|303
-278|-402
474|-943
497|718
278|574
412|-623
-102|-752
-393|691
734|663
-540|-772
196|-293
187|581
829|309
-456|467
-857|835
-691|99
-892|74
-471|-757
242|934
-772|414
876|575
-503|70
922|701
149|-506
807|364
273|-115
-931|618
-373|142
158|309
-160|-573
349|-58
-668|541
-224|50
-207|-434
715|928
-788|-986
874|769
-806|204
-13|256
-568|-273
-435|-160
852|908
-570|-132
477|508
-483|325
-853|-487
-689|-271
-786|-624
-964|963
-48|779
-397|-977
-224|579
629|165
-374|-83
492|158
-415|-426
823|852
-455|-579
-672|714
-95|174
-653|724
56|-711
238|309
210|127
95|570
-633|287
-975|-77
183|-492
-247|-308
-18|-232
344|-25
-748|-421
233|521
591|79
472|-335
-911|789
-405|60
-858|935
981|-180
-633|902
-86|266
-392|-990
-628|-921
-866|-271
713|487
558|744
-978|-207
708|608
-536|-860
-887|440
159|-935
707|-619
-72|189
479|126
-706|185
-707|-26
75|935
-73|-830
-520|699
-744|310
-828|-390
708|370
-984|-503
-636|-617
480|-655
-480|-927
430|912
-362|-779
-745|-259
-134|-670
987|-63
661|391
-826|935
624|810
-605|-193
-851|-632
794|-957
-949|-556
262|17
178|-988
-49|674
-284|250
-222|-553
626|445
-802|818
72|-221
-470|-198
-771|-891
-783|-381
570|133
-374|964
653|1
-257|-499
-630|315
914|898
-212|-87
632|101
25|663
-766|899
270|-356
149|227
-886|135
-770|933
926|-774
-576|-587
188|-386
746|524
-109|125
-538|-149
-244|899
101|-94
553|-122
-611|-173
-692|492
-425|118
-901|586
520|996
838|-72
929|-926
-813|229
862|-651
398|274
328|913
-228|79
18|-236
196|962
-442|-327
-752|771
979|73
-314|224
-278|-865
-198|325
734|616
684|356
-340|-322
30|439
234|681
-777|-14
326|-475
-199|802
-81|211
675|876
-403|246
436|-955
862|380
-916|506
-264|-950
146|-706
952|521
935|-508
-477|-84
-778|351
525|-815
765|-440
854|76
347|-409
215|-640
414|-775
-686|510
-885|477
-123|865
905|692
-686|350
989|-472
8|148
277|608
-747|-573
613|-301
923|581
-440|-55
-955|714
637|-923
438|738
-57|629
515|-466
574|454
-145|-117
-985|219
871|999
-681|448
-824|-561
846|-568
-168|-649
922|338
532|-235
876|-474
609|-885
504|188
-626|-234
473|533
-766|63
853|696
199|907
851|485
438|202
-82|-23
877|-739
-680|965
-103|396
-266|586
-33|698
-440|318
120|525
-458|-633
660|-537
-533|340
-131|965
-250|-206
-892|-523
581|-208
871|-335
873|-711
397|-734
-463|5
-141|-86
351|-549
603|-460
968|567
-328|-263
238|-253
-756|-43
-968|-548
-13|-811
-578|797
-693|414
-755|-64
250|876
106|184
-9|-989
-444|-849
611|860
-275|254
722|810
-703|-405
450|38
163|144
-588|-65
-642|-827
249|434
-134|49
-566|-795
-465|-516
708|138
-858|-903
-654|996
571|648
397|-500
186|177
19|-377
-372|-167
906|-567
-487|959
-446|-991
717|166
381|-243
293|-363
-785|-706
-644|214
84|-177
-403|770
-635|540
-709|-781
719|198
523|560
-625|-729
759|-795
427|-149
739|-926
-226|348
-958|-828
17|-403
572|920
416|-805
-362|-305
798|-415
-209|-6
274|567
901|108
-882|-708
-564|569
-56|-628
507|-953
225|-210
-775|-672
-915|533
431|-9
-595|-75
-348|674
-324|-90
-32|-940
-180|-44
-208|988
-916|-311
-999|-760
-735|665
-484|-67
601|793
338|21
696|-499
862|-596
-504|-740
-650|406
640|-997
129|264
243|-140
-135|-703
83|-79
-743|-692
-801|866
925|261
795|-168
910|827
-173|588
-90|-3
-666|261
-41|725
490|-511
-888|-701
-664|156
927|430
-608|89
481|596
-257|456
952|-74
-267|-153
217|464
30|133
-985|-478
574|-630
-91|496
623|-846
970|533
526|-713
782|-795
-627|244
463|443
381|122
808|682
580|-333
525|154
708|975
761|-300
936|880
625|814
291|-701
-277|955
-465|-532
-545|-411
121|645
-529|-127
268|969
925|-18
-858|466
543|430
520|-347
-695|-76
-337|622
-475|261
63|-509
187|-697
-265|-833
-892|919
18|628
-135|806
-235|203
263|-404
-702|-824
735|46
21|266
719|-591
317|-415
-790|-905
-680|-83
488|-520
-198|-45
157|866
494|-735
-310|-341
-892|5
688|-561
652|377
-392|-520
746|-552
286|902
600|494
-55|-812
650|-586
-313|-609
-602|784
-363|-331
-698|344
-375|-654
574|-550
-517|854
-650|-10
-539|-328
-850|-25
-617|743
828|61
121|-368
-929|877
894|720
-4|-911
300|360
-319|-791
-546|-916
-601|766
217|554
374|-95
-436|474
-517|-883
-766|534
166|-686
-483|778
53|-214
-983|778
34|-2
-58|-249
-162|-283
864|989
-74|568
809|-813
-469|-695
504|-677
443|822
-217|-50
809|434
673|943
-344|-689
-966|486
-752|-11
-160|998
-866|-669
-49|-780
-288|185
-133|-851
-435|833
97|-828
-387|-409
6|793
-484|-584
963|-960
-352|78
-645|-457
-341|-621
-403|-584
-585|667
-861|135
-969|-68
-95|-89
-922|622
-608|232
-900|913
485|-116
288|40
573|745
-977|-700
31|258
780|-114
-709|881
-332|-948
908|-979
243|936
-684|-868
-536|-253
-778|-726
-512|-576
-35|283
979|-803
67|630
826|-911
15|18
984|565
-13|941
664|456
-979|732
-245|-375
-176|-331
-433|695
-129|742
-848|-717
-524|-723
-223|59
-487|-327
229|72
-630|-303
199|-331
620|-810
-504|870
-227|-159
-51|-552
-158|970
292|-881
745|-906
-345|-828
-215|-811
765|-67
294|-160
-591|25
924|614
224|-497
289|406
-317|-822
-406|200
274|661
987|-175
881|-318
-12|295
-872|-929
-877|-273
-198|-829
715|-145
-635|201
494|288
295|-203
-898|924
-35|-81
-229|22
-952|802
37|323
99|-328
-104|-926
676|893
-252|328
156|-251
575|-6
-524|990
-780|478
-976|929
702|-559
-926|262
828|628
-548|-521
-605|-598
990|440
-790|316
-958|-717
518|135
-836|-735
204|756
-706|746
-866|111
-43|884
-927|-637
380|189
308|-538
-491|-954
549|815
334|-281
-940|-278
39|610
150|-260
-566|-574
-498|417
967|-40
447|361
-683|-819
-356|117
998|-123
-749|-630
463|621
642|937
-890|-281
813|441
-812|-910
-955|931
-406|-601
-38|230
277|-393
-642|-420
-516|-504
-579|-75
196|596
-747|4
-124|189
984|-995
-420|-834
-363|-556
-676|735
944|278
993|-974
-206|398
508|942
-871|-752
249|561
860|-771
-276|108
553|-389
-904|-198
-926|450
-975|442
-857|-428
-215|360
-292|174
441|-431
97|908
322|899
-1|254
-962|142
-359|985
7|936
279|859
193|550
-684|-88
-288|-236
949|-319
-383|579
796|-185
-396|755
877|351
-981|-994
-514|412
-956|258
834|566
-666|-763
433|-257
-912|-757
143|-734
571|647
188|295
-353|-824
-706|-662
-292|-67
351|-211
669|-330
-846|-600
-659|-11
864|949
-973|788
-322|-533
154|182
-494|577
-497|123
709|-235
-110|-871
-292|795
-382|53
-251|-911
-539|-145
-386|-750
-609|-975
678|-90
-632|-149
-66|-691
910|-789
-103|-375
170|560
783|-239
-62|889
-702|-170
597|79
781|-660
836|929
393|659
-423|-673
461|-392
473|-599
1000|-599
-856|-676
-164|934
425|663
-701|-399
-653|454
-535|310
-904|-883
-593|150
518|725
885|970
248|-692
-469|-877
-556|-502
-659|-638
28|-623
813|-829
-893|-888
-428|417
49|393
-815|222
-673|-460
-578|128
789|-15
-458|885
-666|151
-582|944
-437|-754
-488|959
-62|929
273|993
-334|-341
683|905
542|-131
31|-500
592|637
893|-369
-825|-426
-119|-796
-120|-537
-330|490
633|254
857|814
608|184
-317|-28
-834|-509
40|197
497|-123
-252|643
986|824
91|264
838|-164
950|396
814|434
759|-545
-541|-900
-158|195
-98|-317
-43|-841
269|755
-998|608
30|-145
440|527
558|461
610|-193
-980|-880
435|81
-111|-67
654|-10
253|-325
449|-98
-809|607
780|929
659|-507
-703|666
306|-80
62|535
-557|-962
932|619
-109|-935
-142|-761
-450|-789
-254|594
668|606
479|732
-935|-555
-469|977
781|310
540|-418
274|-801
377|382
940|144
495|-435
-582|846
840|-383
-70|-344
682|-164
40|322
56|-161
961|88
606|184
-527|259
517|-844
-919|953
-391|-749
-344|-991
885|357
697|-417
-806|-904
-851|-393
453|-522
900|309
-130|-451
-673|500
-452|-783
106|-487
-792|773
388|864
313|162
537|-198
-28|443
749|-468
-440|-219
-300|-884
-4|404
-824|-547
-910|118
267|-889
-422|-250
770|-179
-107|442
-533|-731
-304|965
983|912
436|-704
89|744
376|248
-817|-495
357|-768
-892|-903
798|-622
-138|999
172|-738
-775|390
-85|-588
-154|518
24|-621
843|-223
-544|70
210|137
-640|933
685|989
-487|233
-422|-744
-34|-64
-853|-568
235|499
-744|-46
-951|-628
570|957
-563|576
-253|-667
52|306
95|86
-166|397
210|-540
-681|-214
-338|-521
-710|-498
-933|-946
-260|270
-340|-743
-914|-671
-464|-788
-948|721
188|401
394|302
76|-150
-601|250
-513|-109
411|445
-149|-438
524|611
375|-544
-838|-338
-110|-399
-466|-774
287|-768
-942|458
33|-819
-337|-798
-795|632
783|729
227|-611
896|-442
480|925
-540|-48
333|-828
837|-985
265|-105
529|-452
-945|230
-551|890
-273|-856
298|375
418|36
-115|247
535|644
-64|-325
-327|83
-740|360
-536|144
362|716
943|-793
382|-715
-83|323
497|683
119|-742
147|82
435|872
439|857
282|543
455|-933
450|-296
515|454
-24|-713
-591|-194
62|-245
965|-131
-709|-674
-377|-614
520|-250
8|-754
-837|-654
840|112
-830|58
451|915
196|513
-230|522
464|846
271|334
950|-84
35|884
-394|-908
-625|680
276|-822
-166|141
28|595
626|970
-509|-161
614|643
822|146
100|-2
934|-308
-553|-372
-370|868
720|-692
-369|70
-373|543
-451|347
26|-321
-631|-698
-212|-595
28|990
120|-51
622|476
654|-708
-291|-915
462|-70
-193|-871
193|909
84|-648
329|-462
-329|441
837|-520
-456|703
292|504
-32|484
-160|793
66|784
541|-826
-400|435
-699|475
941|154
591|795
157|880
519|-10
529|-925
-609|-210
-383|-912
154|652
979|-330
-858|15
-742|737
489|-293
299|377
-482|14
-838|-756
640|953
323|513
744|251
353|176
-17|681
55|-808
-943|766
-3|-690
-224|-899
929|772
-97|305
109|471
75|360
276|456
-954|-283
275|740
-338|336
-267|743
491|652
311|527
-43|-686
-422|-220
698|-23
-51|-948
-419|481
-582|145
937|-775
964|-496
-308|-364
201|-720
664|85
-129|746
-883|29
-631|871
799|514
-60|621
-117|-446
-698|-790
-493|601
-835|72
278|773
956|955
849|-923
-421|-430
104|914
-8|756
678|-986
552|-400
867|-208
143|-315
575|798
-296|869
327|940
834|944
408|-94
603|-746
-45|445
884|695
-487|-756
-323|911
353|27
473|-837
850|-109
-501|442
-751|398
778|241
-339|-717
353|571
-366|878
273|-758
194|671
208|-191
696|401
509|809
466|-308
-211|356
125|670
623|807
-534|-623
365|-631
-982|-714
-929|-526
368|140
-114|547
-374|120
-504|677
878|449
-877|-290
737|-439
849|972
-512|-124
-245|108
-784|-903
-387|-225
-388|-713
-811|-234
175|-84
989|-566
-598|61
-141|-505
-230|-703
-402|641
-132|-101
987|-182
163|18
746|-695
730|692
-296|544
-425|-219
966|91
-360|709
989|-837
-209|-434
-416|-463
336|-209
-498|-728
940|-232
-2|862
-642|546
323|-353
-979|424
380|-894
71|-367
212|-799
-157|304
-854|-243
167|552
-434|965
665|760
668|-912
-746|381
-671|-581
436|-197
610|201
459|462
697|6
865|-448
917|473
-958|-580
873|-452
315|417
903|39
940|320
698|333
-332|-710
514|-800
-38|773
411|175
-206|-233
410|403
-236|819
-368|-273
-443|-154
-549|690
-475|-235
-195|919
786|306
-565|629
-254|-512
350|-288
743|131
611|-400
-16|-528
-747|-454
191|382
341|919
850|356
512|-983
-561|-39
209|524
-762|-718
201|691
-731|-62
387|-617
-791|699
197|191
150|-549
594|593
605|829
931|435
-619|-818
-832|-959
656|424
251|-248
919|-100
89|-689
-663|-265
-484|-100
-31|-659
-982|-371
-905|-567
248|526
-174|199
-676|-190
636|-131
-22|59
-643|-287
-55|89
203|290
802|-831
297|595
-290|-308
-153|836
727|920
-16|911
631|304
824|-76
32|-139
689|480
-944|-791
294|-783
233|-479
29|580
653|-413
963|144
-52|998
-853|-32
512|-198
-908|-535
-666|579
-409|-502
253|-242
777|971
687|127
-966|688
-960|-63
629|731
989|25
-403|-69
400|356
-156|-530
-331|549
-747|677
442|433
-312|-910
-622|707
-568|-46
184|-822
-983|241
-777|-845
-280|385
-715|222
292|414
-293|506
-710|-581
-650|853
-365|661
-288|486
627|-881
541|49
-747|-245
150|148
703|-625
-265|-761
207|707
208|542
-768|872
275|607
318|-291
34|-85
-166|403
-615|-884
-821|307
-526|558
853|828
480|-540
-468|758
52|384
-45|-316
-802|-518
-124|858
-836|-375
487|294
-119|256
-469|800
198|-515
-95|390
606|261
-845|-785
-608|583
-229|669
156|105
-177|-529
-443|319
919|-787
-347|877
186|-706
-420|229
-457|-330
766|190
959|-571
-838|976
684|-507
-738|-21
574|-369
828|-420
840|283
109|956
-12|712
-389|-776
-442|-141
92|696
-281|-987
-907|-487
219|-811
-481|988
650|-211
569|275
-962|423
267|-776
-940|911
-595|997
327|-52
-348|-157
-159|279
478|445
184|-925
381|33
799|-276
-51|-315
10|-73
171|-511
-71|770
317|-924
-242|222
621|814
-365|-744
-121|100
457|440
699|-479
448|703
-353|-947
-872|43
73|944
-689|-211
-627|962
865|-949
867|204
-982|-257
-799|-333
-104|-146
110|-134
786|-147
838|-426
-183|381
-877|858
-260|-314
879|257
378|-884
-758|200
7|-775
-490|728
-707|-359
904|593
-307|617
-949|473
26|121
999|349
281|213
23|-972
254|673
66|-166
780|-393
895|-26
355|645
161|-469
185|-794
-452|-582
-861|771
-205|-747
-437|-60
-174|-754
231|-5
-879|978
649|294
-140|-993
264|-32
995|-910
999|63
-946|794
848|375
882|-415
-687|-420
364|817
218|-623
-554|-657
402|49
-514|942
-155|-255
465|-57
-573|936
-443|-88
-577|-912
578|-841
-781|213
59|-24
-927|-147
831|19
-63|506
-300|-282
-107|-421
913|395
-902|-210
153|-143
-376|847
-195|-885
-189|603
478|789
-834|134
97|728
525|300
-392|510
481|959
244|245
610|-79
-840|-93
-248|665
-560|50
913|-135
-168|-967
-640|901
-887|260
253|550
435|-569
688|-769
328|-417
278|-956
-25|-662
521|413
197|-925
-758|-901
-198|223
702|-187
-389|-980
-530|-371
141|744
-30|656
852|-165
-999|413
687|282
513|778
259|709
62|476
754|-965
-162|-547
-179|-645
-424|-771
-41|862
-529|-750
-424|-893
950|-977
229|733
617|711
689|412
683|481
-13|462
-526|432
462|-840
-873|429
336|-808
935|945
311|-383
773|-282
504|-386
-922|-444
-634|-601
522|-445
-951|175
475|-423
704|-466
-394|-952
587|508
893|-328
-326|239
-524|353
31|-890
-405|240
17|749
378|396
-750|894
99|548
560|-528
-677|-325
-416|-910
288|-108
215|751
937|-508
532|238
-340|43
-954|-655
804|181
-233|876
882|-531
-660|663
-22|264
-620|-752
372|553
-188|907
503|224
260|711
280|-397
-591|992
705|-192
-688|-279
702|986
-170|683
645|-998
258|436
490|876
-779|-396
-879|355
-551|560
-294|910
-60|-967
-864|951
345|597
96|-123
409|-123
-629|-826
580|811
781|-803
-784|135
-501|997
513|-115
766|-439
200|-692
263|-371
-422|-729
-381|975
284|73
192|189
701|-706
-952|94
-792|-855
-86|376
886|-131
81|930
231|84
38|-666
-336|-368
32|806
-531|756
-512|20
-66|922
137|572
-482|637
-934|518
-72|-400
-377|-271
-578|-76
-244|-140
258|-193
344|483
922|-553
115|-919
592|556
959|-648
476|8
-197|917
-683|-266
214|-492
-373|-741
127|672
983|-205
43|237
-469|-412
-761|7
247|465
-772|-369
829|84
223|-688
-701|205
413|-561
874|101
481|837
-79|754
350|-490
322|227
898|-573
-366|217
-320|636
105|-897
-440|-330
55|355
378|-750
228|-706
219|-450
-544|-140
56|241
-987|725
-722|-112
689|-294
-680|-382
-281|460
986|-22
884|-533
508|566
-663|-714
-977|166
950|-634
-861|784
329|-714
673|894
191|-844
274|249
-294|750
248|-92
-57|138
-767|312
962|531
135|944
846|-259
75|-916
-335|-369
-412|784
-689|-684
693|790
704|21
-725|26
-383|-500
-952|246
665|222
520|484
-572|344
834|-683
885|-633
415|-820
-370|528
-802|973
501|175
315|-788
298|263
732|624
860|-450
734|132
-453|-740
337|379
757|-346
-68|509
-118|122
614|962
638|463
-522|457
-184|217
-192|-250
42|-66
-152|523
689|478
-481|-394
-602|-960
-997|45
116|578
229|-38
-219|-321
802|979
303|-139
617|275
-217|-84
-11|-186
-453|830
885|644
227|593
92|-374
757|-12
135|-473
-393|859
916|-948
-376|-700
-435|745
-79|600
-648|-99
480|568
530|948
193|439
342|-114
403|897
190|974
686|-606
324|20
712|116
139|-173
-17|-407
92|166
-194|-681
673|390
-205|-332
846|848
-263|445
37|-457
271|723
-397|908
149|-198
-925|-612
30|254
195|331
-63|-579
834|-239
274|965
-759|804
168|-777
643|501
904|-701
-257|551
-509|-851
-196|717
88|-266
-1000|17
760|-154
215|-682
-855|439
410|-383
-126|313
404|771
-789|-337
-982|-798
15|942
713|841
-477|819
-337|-267
-288|-31
-708|-658
-613|-83
872|-213
966|742
-235|872
-437|-462
684|-808
-706|-122
-53|-24
-95|489
399|791
-822|6
-654|-559
-204|-561
586|342
-869|743
650|179
379|-495
725|-92
998|-859
-619|44
-74|-733
-489|977
888|-777
263|-753
59|-901
-587|-711
-927|653
741|-755
969|575
-240|-804
-317|479
-145|-368
-42|-742
-228|139
503|991
-157|444
115|-575
-435|283
198|350
987|701
226|25
-492|-1
45|-405
-449|-346
28|-868
-222|-495
296|250
702|356
811|-600
395|-119
-658|978
274|533
-621|145
-130|-586
423|628
681|765
628|-173
183|571
472|-503
-71|7
26|-394
862|-107
26|-994
990|178
-711|984
-156|-874
-139|126
775|714
137|-229
-745|-853
776|-205
-981|-873
-194|-405
344|-580
454|-156
-730|-161
-316|-635
-107|-773
559|139
611|547
883|63
874|469
-970|-242
-978|421
755|64
-565|-703
-66|674
-608|-747
349|529
-159|467
491|-123
-668|224
-950|982
1|447
-804|-954
-298|-382
-571|-900
-66|-238
-193|-451
109|175
-668|-219
-97|-881
-304|-336
860|112
432|614
-688|383
838|225
560|110
620|-321
488|-238
-192|-734
945|-467
358|-596
577|503
-206|426
192|672
273|-88
-244|628
700|-54
-372|373
866|-113
-703|-136
-431|-469
-376|453
-838|-359
-526|-470
-952|98
-31|-218
-521|905
-718|130
959|409
-531|-143
496|332
774|-641
-567|128
75|-800
93|59
-945|202
930|-265
-425|-622
418|-749
344|928
-134|956
-292|944
-924|-729
647|-203
-72|-12
893|-423
-953|-732
-246|873
-967|695
251|526
-244|327
-27|3
-108|697
831|-444
709|-777
94|-54
919|908
894|531
-736|708
-367|-842
-916|384
875|-111
-405|693
783|-562
308|-341
899|-304
128|927
-750|-44
-846|-714
758|-174
-60|432
-536|467
-662|-187
-513|-367
45|233
38|-624
663|-879
285|-25
-544|97
-834|-616
252|132
26|-792
661|549
284|208
-631|-309
254|299
-731|996
-999|-758
-698|443
332|6
-525|-521
83|466
-290|-26
262|-192
367|996
-344|347
-639|-382
360|146
-317|85
3|-335
27|-405
230|136
669|-664
-888|153
805|629
143|802
553|-667
-106|252
967|-382
-183|434
-518|157
342|-620
-525|441
137|-561
-280|63
426|-515
-327|-700
122|28
553|-689
-652|-173
424|-626
-320|213
-858|427
-331|528
134|503
677|653
-78|-633
858|231
-891|-894
-378|-278
-625|887
-362|710
-567|113
542|-252
-958|-929
-86|-326
651|-196
-93|28
469|332
316|934
90|-913
-432|-189
-533|-906
682|902
-537|261
773|-470
442|-630
409|475
738|321
-395|288
-58|-843
-917|455
-28|10
125|-368
-363|-174
804|-544
-912|145
29|-353
51|138
-192|-89
978|499
105|-447
-907|635
252|-464
960|963
-87|-497
-585|-823
-210|641
-208|824
591|-741
775|183
29|-410
152|237
60|6
301|-941
-6|-555
-118|779
727|247
-59|-992
851|485
929|-285
138|-732
146|357
104|316
-205|-551
-651|-315
363|785
-220|-636
958|-995
168|-284
-301|-443
-395|754
-762|-947
-304|-596
-834|223
-509|684
-96|900
-413|-524
-111|96
794|-299
-420|805
510|-249
-675|-801
775|37
164|-206
410|242
-75|-359
-701|-323
-329|-753
-155|-703
-831|-75
973|-713
261|-542
-762|834
505|163
552|171
-759|212
837|-831
-748|26
-324|-692
-136|-879
408|102
723|669
95|740
-296|-435
-947|93
-64|653
-498|339
-966|-41
966|-680
-672|-810
469|-696
-526|-712
-698|-272
-179|920
-284|738
-302|619
848|-952
2|501
430|926
627|-587
703|553
-454|136
-555|252
572|417
-863|462
859|-879
608|-273
-594|-182
-764|-291
-532|-17
193|827
647|280
-292|-650
748|-996
524|-200
-144|-58
586|-616
795|660
-761|-380
-716|959
-619|-3
811|-236
-211|725
477|-975
-452|827
-967|500
614|304
-842|518
-830|73
-339|400
-286|-985
-747|-418
834|562
-637|-434
711|303
-991|-309
408|237
-992|330
466|952
763|281
-843|269
-312|-19
379|-160
-5|848
271|620
267|-782
-680|-895
759|-313
323|847
824|587
-926|-157
81|478
909|375
745|-842
-660|531
-341|650
-927|562
-313|-789
606|-245
-34|-677
872|-112
-808|515
-893|169
337|106
869|53
-342|503
-887|-856
328|543
585|43
-888|935
933|-36
898|-406
177|-766
187|677
-57|411
543|-657
-46|-9
654|438
-56|-13
-543|22
-384|-781
249|754
-55|478
976|-832
494|-848
-246|-258
942|588
625|307
-29|-670
174|-59
439|-192
344|429
620|834
892|-296
-46|120
545|950
720|-319
483|-945
-125|-16
412|335
-207|-251
799|-745
-788|-206
-755|-962
-482|529
-915|520
902|537
368|-466
667|612
122|283
159|641
463|105
464|758
574|670
481|151
-951|-296
-360|-630
148|1000
2|-410
-786|567
-49|159
-747|-368
-994|547
-490|-222
-535|-758
29|853
-388|537
70|-628
-655|455
274|-97
536|989
-711|320
739|447
538|226
549|-1
-781|-225
618|393
276|-831
-210|435
671|-763
910|-507
292|49
-441|-494
765|-672
-417|-990
465|530
-981|499
-272|742
397|-90
19|107
87|301
-6|763
614|736
940|-602
-426|-713
-206|766
-700|-638
54|-352
894|-873
307|868
30|235
183|-672
976|121
-436|986
983|-61
85|363
34|519
125|-925
758|-282
-909|-137
-575|647
5|463
-798|590
652|-152
763|-441
-182|834
-709|-725
599|-160
-879|667
533|714
82|-384
378|-803
102|186
-813|-229
-141|-128
410|311
32|-814
-921|-895
767|720
-138|-509
190|12
642|-415
-924|462
-297|-560
614|48
620|-578
-771|903
-544|-675
82|-547
-15|99
115|444
-686|-312
-370|958
151|-46
-372|902
510|447
461|849
569|54
423|929
936|-259
664|-611
203|-475
-309|-567
-516|-332
187|772
-829|911
830|790
320|399
-209|-704
46|-94
831|593
-210|-845
-402|-386
-366|-419
-698|400
-297|-926
912|-647
-96|-154
-387|465
613|-440
-474|-47
-355|850
807|-749
-848|40
889|-3
-554|-558
21|-186
433|861
-546|-196
-186|-396
-176|501
904|298
-785|766
972|650
161|-841
949|-714
-240|-462
242|953
-460|-604
452|887
-6|-956
-790|312
-71|-972
-204|399
682|-384
-989|-443
-314|-946
270|325
960|-499
726|806
908|252
-350|549
-474|-377
-878|887
-664|372
-639|471
860|563
-83|587
134|-333
-560|-347
-188|-787
-961|-567
-87|274
-593|466
62|937
385|116
964|-243
-833|15
-303|548
-485|-268
-100|79
-383|-558
757|536
179|913
301|-73
-872|372
803|289
-186|71
-25|-80
394|-372
-578|114
525|-70
-981|583
667|-881
100|578
988|970
497|-218
434|-505
299|402
107|-926
177|-10
-524|-713
402|883
472|751
-686|526
904|-324
-412|938
667|137
-230|-765
12|39
-833|155
-574|-881
106|139
-464|-986
425|-791
-563|-194
-737|576
707|-358
-999|-907
69|151
-906|-263
895|-163
122|133
-294|326
-394|927
6|887
-961|-255
59|771
184|-395
-554|546
26|-566
334|981
49|574
-118|-921
-484|-308
-900|317
-35|-12
268|-70
691|917
610|-445
251|415
-624|446
473|467
431|-353
780|-895
-108|125
433|971
-80|705
-526|-478
-714|3
232|929
-775|-58
-136|436
154|799
350|952
354|-283
781|-670
962|-426
132|-374
319|-576
503|-724
3|365
380|854
-460|-552
673|-997
31|-645
691|439
-678|892
-50|364
-255|-216
445|506
-470|348
444|-623
-83|-548
730|388
476|872
-705|-755
374|-506
512|-460
907|257
832|-554
506|878
150|168
-785|-951
-693|886
66|449
-698|-246
623|-540
464|-380
136|-315
152|125
329|-329
924|693
915|-77
-20|500
587|-67
-546|-746
463|-573
-808|-764
334|552
290|186
921|-270
-691|41
-9|127
233|904
-229|-709
285|677
-758|-648
37|773
-668|936
146|704
235|-94
157|561
199|-884
260|-135
-847|161
-153|-223
-518|-109
771|172
-34|143
-680|-578
255|651
243|206
434|-860
76|-361
758|-718
131|-346
-804|300
-42|979
91|-687
-865|73
-553|448
964|-962
998|-902
219|160
845|430
577|-464
950|-979
-580|-972
-748|-60
-391|317
-139|488
-333|625
669|-351
-649|-34
-868|617
-621|-165
-254|-227
239|-984
-899|135
299|-667
-790|177
38|525
234|72
-561|898
-990|-687
-698|26
421|-390
857|565
828|-998
348|303
820|-46
-451|-499
-317|489
-17|-598
-577|-703
-350|-268
-106|796
541|-44
423|-980
148|890
-447|787
764|707
-334|-69
135|342
876|-175
825|699
777|627
-871|800
935|-806
-962|-341
425|55
143|-537
-550|-980
977|-863
942|-532
936|2
-22|-757
-534|-28
638|-232
-857|-349
-862|448
998|599
420|-868
-28|-990
-504|-453
549|-825
-353|-596
749|-15
44|-664
-108|-964
-927|917
315|-553
-141|-863
-761|480
-5|796
168|-48
49|-518
69|623
-230|407
816|504
-156|-365
-928|879
-476|799
684|650
-672|-785
521|846
-931|943
95|-703
219|-551
843|142
-555|-18
270|542
-1000|955
93|2
263|-269
-178|56
260|610
-705|-385
-469|593
638|-752
308|16
944|584
835|-242
545|973
-997|-421
-802|720
-854|-963
-675|742
882|-530
-547|-568
-453|125
-696|-900
-587|-83
613|51
838|904
879|-799
-211|828
804|-765
521|429
395|99
419|-787
309|801
95|-182
-280|-622
546|-862
-603|-410
382|652
96|839
-679|192
619|-794
-535|-445
-240|441
359|149
667|848
293|517
41|179
-873|-816
-579|345
-187|855
-914|-948
713|-996
681|754
366|-945
-173|834
-296|554
817|-609
-43|-609
372|-788
-573|-804
555|160
89|185
-754|19
595|838
-136|-960
217|-846
-350|-44
619|-95
792|187
-310|-272
-852|-363
902|-803
-990|410
936|656
-408|927
128|726
815|62
-320|-357
525|702
-908|-785
-425|-72
572|-943
635|-726
35|527
639|-234
-546|453
310|738
-969|169
359|724
-693|-581
890|803
-707|147
-533|-849
583|-648
-388|-823
-384|28
983|-969
-854|768
904|-24
-603|444
534|-54
-812|-715
-278|-523
129|-837
60|78
906|920
936|-296
25|-434
714|942
-842|-967
570|705
901|816
-97|358
-261|810
849|-651
-156|855
826|549
-393|-781
-927|-896
-650|-98
-37|-546
-198|773
951|953
-373|861
819|-204
-117|-750
-957|-197
925|-972
779|-919
-935|388
529|-929
556|-615
641|-459
-704|572
-704|-840
852|-263
-936|-154
738|-705
-210|-59
551|-219
63|-134
424|-809
77|141
261|-773
-365|-347
326|-812
379|-586
243|-344
-881|-688
-568|-6
-386|-374
840|-606
962|396
-375|-67
49|296
-674|-819
473|861
-149|690
-33|-831
375|553
725|824
-276|904
57|-61
-490|453
815|-970
-511|801
-532|6
-533|968
157|527
880|-201
-63|-720
-57|648
-142|-965
341|-480
-379|-662
809|519
-56|942
-14|101
-537|872
52|-406
943|739
893|-164
-900|671
672|-954
232|-192
-120|822
40|-308
327|809
317|-432
-532|-913
-205|-364
-100|610
301|-666
487|910
106|-99
519|584
-54|-628
197|300
65|-393
-667|-211
-545|-128
146|-366
894|360
-897|-288
-705|-515
801|471
-809|-80
-905|259
616|276
-228|-604
105|-20
843|-798
982|212
-585|-208
370|-267
793|-217
692|364
492|292
501|-295
454|418
459|-205
661|-538
199|-241
332|-620
-911|584
-873|-838
296|-691
-745|413
-60|-473
279|-182
-247|-86
430|-644
-302|773
893|474
925|585
177|-378
-289|-865
564|441
-687|-634
-861|-617
-431|630
-211|761
-452|-88
51|565
-733|-827
710|-595
-736|922
974|40
-115|109
-59|-688
-78|675
623|-33
344|-802
63|330
-261|-274
-187|714
-86|-820
-213|-685
-902|250
871|685
853|-533
-431|436
533|-840
-202|452
-20|-356
947|412
-519|-702
-219|374
687|-639
-179|890
644|360
-28|-446
323|-123
373|610
893|637
854|325
516|-560
571|608
-333|248
802|-643
144|-59
-209|184
732|-634
859|-206
243|-300
-608|403
206|-340
423|-568
322|616
938|835
351|241
19|707
311|-183
-930|230
-994|-327
-767|-202
974|-341
-935|666
-577|621
931|214
-705|-828
-591|429
878|-515
172|-452
-559|560
506|-733
-740|969
-690|953
-137|528
653|-437
-101|-302
803|-154
-715|-684
-818|285
809|248
803|-537
212|-159
-430|-410
192|667
46|59
-972|-86
-769|-264
28|252
-132|147
-658|-747
402|121
724|810
372|-949
3|250
-289|-644
597|-279
-281|-618
-949|-847
-394|908
-786|-665
770|-423
-874|159
-135|946
-445|-412
556|-386
-539|-69
640|-508
-730|-818
-770|-424
832|426
618|945
713|268
639|726
-522|454
928|136
823|-442
-632|185
897|536
-640|-500
6|233
-957|364
-608|118
569|-149
-603|243
-937|397
-640|-547
984|498
581|-342
-485|-741
855|569
425|-626
-589|-741
236|600
310|375
-738|319
852|-301
503|-61
-331|-122
-163|404
-28|456
768|395
604|-509
805|513
688|823
-362|-98
-218|991
476|-248
992|-774
-669|-182
-570|544
338|309
-382|-186
-824|-984
499|471
-102|944
559|-272
-392|276
396|642
-442|896
-873|852
588|507
926|915
-930|-954
-391|623
985|784
188|713
-995|-675
-824|583
-799|-587
-953|330
478|562
960|882
-367|954
514|27
-261|970
627|284
-176|-122
209|660
-183|-964
-283|-42
-371|980
636|-356
454|-992
-832|813
-723|-793
511|469
257|464
-305|412
255|-133
864|475
-578|-530
-358|781
-97|572
950|-424
-601|-913
717|-93
-842|894
82|380
-483|-509
-594|-216
-573|67
427|344
-37|310
364|-356
-545|147
-330|327
152|445
-691|-697
-891|893
-733|118
987|-929
28|863
-519|639
295|-799
-27|-818
832|-930
-689|-53
439|673
701|924
972|134
-296|845
-956|851
-250|-94
-55|-352
988|279
-957|-134
442|-296
781|871
687|543
-572|552
-577|108
-344|335
-540|-616
890|-10
723|61
610|-606
-38|-222
-773|-586
-414|-257
-45|-708
315|304
612|363
786|-753
-49|549
88|772
-952|255
-341|826
698|311
-746|477
-330|-365
119|947
662|258
826|563
670|-490
-709|591
239|832
8|-116
-981|626
-70|14
81|-439
730|-751
390|700
453|821
-423|-235
-960|-79
-870|77
-814|270
908|202
225|788
-589|-382
151|-712
50|216
307|-664
-628|23
660|-947
805|876
316|644
-29|880
196|-22
-630|-102
163|-24
-752|269
875|-415
-573|-379
-399|-274
60|-526
779|-705
336|-126
733|-461
-421|727
-32|897
527|-860
944|-953
-9|-807
585|-466
-70|-527
-900|-676
-720|-796
100|243
-328|-236
636|456
114|756
-178|-274
-272|-658
350|-345
-315|-549
509|-85
-496|770
860|-237
293|-464
-75|830
124|662
-988|-857
228|-479
-336|-580
-406|652
-535|-867
-286|230
70|310
-466|650
-893|731
-626|-216
-948|423
186|-769
-461|196
-332|-581
138|985
130|-970
554|-273
-324|-70
-183|-715
848|-584
676|75
242|-427
11|-840
774|-579
-544|857
660|577
-193|615
-59|-534
-419|-763
213|-202
-245|191
-865|798
-122|-898
275|-288
56|-614
-554|-439
-592|-374
577|602
539|-364
-466|294
-250|771
609|48
995|-215
105|-576
-746|-441
251|-506
584|174
-659|155
-658|-337
344|-559
-235|-491
-716|-131
445|933
708|785
264|-128
-558|754
-74|391
385|290
-801|625
258|970
-148|910
-413|-146
468|272
442|252
540|985
-793|883
-776|886
-658|342
271|266
-91|422
-925|-379
485|25
-923|-285
277|-227
-708|276
-11|169
569|-529
311|-258
839|-469
566|-825
-301|273
-687|984
-276|-603
95|469
-938|794
106|169
308|731
-632|485
794|574
727|-133
-535|802
307|954
-12|14
4|917
-372|-82
246|144
121|88
-269|334
137|-935
-875|50
-569|221
627|717
376|854
-430|239
387|-784
-636|-739
-454|-177
222|609
682|-561
211|692
-455|320
-718|262
217|465
827|596
186|954
-879|-155
-647|-54
-305|372
-713|848
749|554
-498|-294
-159|-446
547|-630
-462|-737
619|-327
456|-846
361|529
652|-580
-263|58
-860|-265
-385|962
362|948
-247|-258
-231|-390
576|-791
298|43
-692|850
-222|-190
902|961
-570|-954
235|787
658|-286
489|924
-476|146
187|322
578|728
-785|87
-541|137
98|-150
-501|891
-555|490
446|-525
-494|796
-333|729
996|490
714|414
-883|861
-986|847
465|-298
835|621
-290|-596
-615|-303
834|-434
763|-473
-444|929
762|543
168|907
316|148
-114|-501
-359|77
-324|505
88|-713
-861|-144
-362|-713
299|-981
232|-692
231|322
528|358
-721|-433
81|-337
705|588
-548|591
59|-302
808|-963
651|-193
-15|325
-855|-128
930|-11
-970|752
-471|185
609|-355
838|-763
-290|766
-324|-448
249|344
-678|310
-350|527
-849|-132
-242|78
-666|128
-93|68
663|-185
-738|-231
-213|924
313|-611
-260|-915
659|62
847|-87
-346|-42
626|-34
-838|815
-829|53
-357|-244
-208|657
464|813
-726|-77
618|-831
352|748
-750|-383
-485|-708
335|179
-759|150
-850|-45
945|-754
629|723
-723|-26
720|-491
-219|-223
-246|-254
731|-534
779|-326
656|-471
-1|922
-730|994
-753|759
-149|-696
-935|565
507|-84
-804|-179
-995|67
21|-765
-739|-869
386|855
240|949
105|-158
-758|-325
-190|-7
-216|-111
-145|634
-503|852
593|-478
-628|-144
831|609
439|399
973|-804
-849|-903
209|310
-447|221
-726|115
-987|-287
-461|195
-420|202
598|-511
394|142
258|-178
12|39
696|-992
487|383
311|317
528|-12
834|-167
-17|-803
995|-269
135|736
322|977
988|883
194|-136
508|822
495|431
-162|-895
-451|600
999|-668
-432|642
144|-723
665|476
611|-122
-823|-518
491|-402
-461|-608
-899|-557
-996|-103
116|-339
267|791
518|294
269|-532
-422|-932
-132|331
558|389
957|776
-847|112
-578|299
-380|-329
-317|97
-226|411
-332|-763
485|-496
-940|-193
495|-401
562|-799
-676|-603
-254|560
-919|-961
-211|-68
-420|499
-989|974
112|615
-488|-682
-348|-713
377|995
117|282
-866|110
130|133
-540|-917
-273|767
173|296
-796|442
-196|-9
429|448
269|501
226|901
-179|-115
865|-579
831|197
-553|-167
504|-701
615|-280
431|-606
878|679
47|737
-509|112
-635|-131
-851|823
790|414
706|505
-626|676
-25|-325
402|-586
-916|-137
835|-563
730|654
479|125
44|323
253|-759
-989|-444
-396|881
-520|-269
887|561
14|346
-479|87
-936|-601
-27|569
-771|539
289|451
908|-201
-213|-809
-884|428
-800|-818
-554|959
36|-760
-34|838
610|466
-749|430
808|-432
-297|16
438|-445
-523|218
960|-791
-559|-169
-618|-862
-451|235
-364|-868
-1|-390
730|519
623|-882
-11|351
-307|-93
380|-904
472|239
-363|51
-248|807
-116|378
-419|-525
-221|-648
848|953
-167|518
431|3
-496|-157
798|-102
947|352
634|197
-722|-527
346|122
-430|-928
-308|-645
-288|905
-403|-354
96|-171
-939|154
-106|841
658|642
-221|-120
-507|514
833|913
-45|923
-649|-761
-985|-390
-767|956
-767|-637
827|261
-810|605
749|-503
-547|-809
-840|-64
-103|314
-437|-604
-570|-17
-226|-220
-334|-283
250|721
551|134
-324|-337
-854|-761
-185|-156
998|810
-722|-894
-991|-26
515|-47
-315|-542
512|928
-728|-534
-484|-421
129|-278
874|57
-27|-921
-774|-977
483|270
-663|-800
-934|218
-626|-364
-358|632
-810|93
-996|726
-652|-473
-851|-757
-512|-882
937|-668
-670|-439
-399|-285
-526|393
617|165
-739|195
782|-107
-953|938
-793|-903
143|16
192|-55
847|607
124|-259
166|-674
-36|-723
-157|784
-728|274
-154|-239
-860|369
-115|259
-305|913
-620|824
982|457
-597|893
744|351
-486|-225
958|-932
-473|-575
438|596
-990|-626
-547|-368
779|359
-156|128
-66|-790
-917|648
78|445
-794|-137
366|574
831|704
-247|968
-676|-393
441|-630
-326|629
565|300
441|829
-955|-353
-261|-670
-616|-865
224|912
-970|942
359|240
-234|425
-791|-818
791|559
-886|-64
-532|-895
69|-726
867|-635
-292|-248
-256|187
185|321
301|-816
157|16
914|40
722|-217
798|913
542|-832
-393|-727
-572|-666
42|100
-8|-193
-749|-941
328|-642
-640|-667
322|-433
-190|-310
93|-70
560|-154
714|-135
-884|796
678|-673
-137|728
877|-494
864|-598
748|343
-987|-469
136|915
812|-848
17|-542
33|114
-24|-689
453|-912
-70|69
29|989
373|-540
-342|60
165|-40
965|294
434|-398
-224|800
-358|466
580|210
705|-943
175|284
974|-925
-598|560
-484|777
361|770
665|425
379|895
212|-884
504|-595
147|506
292|-327
-318|-491
636|190
-390|591
108|-861
955|996
-614|-888
-938|652
-745|134
-638|157
572|-366
46|691
686|440
123|-794
-444|441
71|-787
43|50
-605|258
437|864
-945|-343
120|973
-777|165
-59|-233
-915|-931
924|93
977|-708
428|5
919|335
-293|-259
-275|-142
196|272
-763|-21
-814|-813
-180|609
62|163
-298|-868
336|247
-114|937
165|-989
-752|2
-951|640
692|418
437|-751
893|-496
-49|709
732|744
-23|837
-841|4
355|646
113|-431
-748|68
-765|551
-84|153
118|-621
-41|20
323|936
366|-460
-753|144
21|-173
-613|802
-408|-218
724|-406
-825|122
-358|250
504|913
-208|-930
343|-4
-685|-203
-994|-822
-596|-874
-986|-828
-598|471
-161|-318
-710|715
453|942
-399|-294
-114|591
550|151
471|502
-146|903
199|138
-521|711
573|-824
856|-258
-284|48
474|-935
-459|-312
-912|413
-22|-578
58|902
486|-342
935|-463
563|345
963|759
673|-138
-276|-98
25|-858
342|495
-930|306
996|173
764|139
-133|-224
989|-292
-675|-910
831|-263
653|661
-12|-746
174|-35
-216|61
-286|281
-624|-859
275|-950
457|-321
-436|631
627|-314
35|405
631|-904
914|-114
779|-955
-868|-68
69|-930
-251|562
-755|996
673|29
-733|-315
-479|-70
-615|630
-401|-187
-995|-772
308|-530
820|441
88|902
111|790
-457|-546
401|121
990|-852
-364|451
656|151
-832|31
-855|-919
-894|-666
951|455
131|-97
-679|-73
724|-49
-803|451
-518|859
867|101
989|-878
533|-317
-803|517
-338|584
783|182
634|220
381|-440
192|-431
408|228
290|107
-537|-727
206|870
397|841
706|642
-295|163
406|-424
279|221
-249|382
312|-224
-39|-270
644|-877
-328|278
-359|647
268|-243
-255|-505
-762|-189
-116|86
859|452
142|-668
-821|132
141|175
-78|532
878|284
816|-554
-493|470
-789|248
104|927
-791|-316
503|-546
-712|948
-283|820
-567|-6
-286|-934
-343|-568
-115|30
76|28
433|-117
-957|-861
-543|-900
-514|-754
153|-162
-998|770
514|-533
639|613
211|-705
-975|-38
603|168
-832|-262
151|-870
819|-117
851|559
797|26
-48|593
700|57
155|-577
224|663
-544|-978
-268|731
-773|-575
-94|349
162|243
-578|839
-374|-962
-48|811
-423|-875
-908|-954
609|915
623|-710
-519|-289
-95|636
-405|-94
207|-413
872|-949
568|-937
459|-320
-838|-149
463|732
-630|-559
-16|421
590|-24
-546|-307
707|-518
-322|799
-251|-830
501|624
702|-410
544|829
960|145
53|-208
-710|823
267|27
12|884
-865|596
-600|-459
607|634
-438|-138
127|799
452|-209
651|-521
107|-355
156|-611
717|-553
-570|272
-643|751
-855|795
-643|781
-175|-873
290|-345
827|658
314|275
345|-907
-477|-844
492|6
-114|64
882|142
345|-47
-623|907
-609|856
409|-782
-9|341
473|628
-892|-976
-195|-351
189|-190
-57|-356
-830|68
-20|-831
-588|504
259|-117
561|-364
-535|863
462|488
-374|790
-654|37
396|605
788|-19
-330|-25
-17|-535
210|870
475|497
-832|-714
268|846
-585|-784
-763|691
986|-61
588|901
-793|-153
74|-320
679|-484
698|727
-638|666
687|830
155|503
823|-671
429|273
685|-101
192|-199
-603|-527
-92|386
302|801
-715|-171
934|-192
125|-57
-252|443
609|670
601|185
630|-161
-989|706
-716|237
149|886
613|354
534|470
-843|289
-82|-692
-709|-955
509|705
809|407
-360|-997
938|603
-339|454
819|-74
-520|-403
-854|-745
474|-889
300|-189
-383|827
-203|865
650|172
-299|-455
949|-574
42|647
-379|-341
-171|606
-325|-588
-749|-305
-230|87
-150|-606
597|115
-631|687
217|600
-524|-794
950|926
-570|311
78|-701
248|607
-616|959
-601|390
972|922
-278|319
424|832
609|201
670|-719
-871|74
613|-357
915|-67
56|-477
-120|-699
-949|-111
431|-600
-825|-264
12|55
-895|233
-504|348
-579|181
-214|-910
17|157
631|539
246|146
-687|-127
-646|-974
801|-271
715|-22
-442|757
207|63
-45|671
803|423
580|164
-376|-849
-79|-125
-205|-523
-725|-816
452|-376
617|470
-689|26
902|884
418|202
-252|-46
924|-702
-504|924
181|924
-695|-459
438|888
7|-488
-818|250
982|-447
-667|-210
184|360
692|694
775|-583
-710|-904
551|449
49|870
19|989
119|-603
217|-60
54|657
-561|729
-717|-567
-840|711
-211|25
657|809
-140|92
-883|74
-981|182
946|-872
390|141
-952|19
510|947
938|155
650|491
254|72
-398|-773
100|578
-900|90
-504|-654
755|25
602|667
108|69
-631|-771
697|-31
-221|-662
-321|580
-915|479
535|-419
939|69
868|-283
566|54
-880|131
742|-667
-20|299
229|-955
603|397
606|-1000
168|-875
622|256
676|-576
996|-659
865|-194
-399|-765
352|505
-403|-866
414|-566
208|-374
487|-544
709|-688
-430|946
993|877
5|339
573|-573
-996|137
-185|643
4|866
32|637
-727|-705
-824|-957
-186|-316
-812|604
344|-220
-47|-484
-800|535
-72|-700
-49|306
502|-834
376|576
-470|-182
-516|56
-1|140
125|143
-537|20
41|-562
-58|916
45|288
616|-397
-633|472
962|-781
-230|-137
-297|313
-971|-185
349|196
-580|-734
-76|-921
-541|-936
128|-993
-819|-46
-223|-193
412|464
-62|750
-996|-84
127|-281
-499|545
943|13
-530|-274
-357|-556
-990|-928
491|239
-748|-436
366|-74
-376|-66
339|-901
-962|-492
-47|-418
-104|975
755|176
-72|889
61|563
-373|834
765|-174
-208|-568
-150|339
-943|-138
877|-192
-246|522
-62|996
-26|-498
997|-955
-690|813
157|-490
-487|954
-986|-480
-522|335
-847|-393
-559|972
-30|-184
-698|160
-586|805
-853|72
-676|-677
-432|-371
-205|224
519|186
280|514
-157|334
299|17
-781|904
359|-982
100|4
-501|215
-269|675
-913|224
77|-867
51|-713
-981|-210
793|-95
-135|603
-767|470
-761|-901
-783|553
533|1000
-395|-351
619|-594
300|14
-489|34
481|824
-808|169
-529|435
469|725
970|548
-761|438
104|-248
-187|504
468|899
259|603
163|-533
677|477
-227|661
495|117
265|-445
206|246
536|16
329|91
-256|-27
439|272
-849|93
586|388
-644|-414
695|-233
836|704
259|220
-397|886
581|314
-244|365
3|-427
473|850
-675|153
791|533
103|-407
54|909
244|94
299|-149
184|-414
-780|466
-712|-222
-139|-493
30|-848
57|-929
-900|676
-157|-990
103|340
-821|-586
618|258
622|985
-549|-554
62|-458
614|-841
-608|85
986|-506
356|-126
-44|-874
646|919
108|-2
438|665
599|922
-353|-384
562|-475
-665|-395
797|-658
-861|54
194|784
-503|-619
271|-993
-653|938
175|-653
-848|447
280|-671
-886|-874
35|-211
993|-605
-538|-127
576|228
325|-909
211|897
-711|824
778|-53
-119|268
-393|194
-249|531
-664|-659
-251|11
456|-29
56|403
-81|957
739|757
97|-344
414|799
543|-468
-719|-740
647|-836
-377|485
320|685
763|-654
-614|752
-938|-994
189|162
987|-174
232|-84
992|462
210|869
387|-345
-351|671
-762|18
-637|911
974|-690
-805|-869
-622|784
-76|474
661|27
-278|876
-379|776
-922|993
155|235
555|-3
899|139
59|850
-301|738
-136|388
-154|643
-659|717
69|-313
-619|184
991|208
-622|935
732|-65
-736|109
-63|-635
-824|-192
-134|-748
309|-672
516|-557
-448|768
-42|589
-572|-650
866|-331
-905|-805
410|469
-453|892
276|-511
-523|-489
-247|-591
25|602
-669|-643
-512|-658
25|-681
263|587
-539|745
751|354
514|-828
-42|127
-780|-915
867|52
405|-353
750|384
31|-778
157|-958
-338|-160
-65|287
-739|117
-296|-666
-580|231
313|-446
912|824
-586|140
-274|739
-304|-593
-831|319
-294|-958
414|130
991|942
-402|549
-881|39
-804|172
236|944
-47|869
-22|-823
927|945
-179|466
-274|639
611|678
592|-27
864|-797
125|838
362|292
-587|607
-240|193
601|330
-305|-648
-6|-191
-487|417
724|-339
-662|-852
-837|-847
-87|-133
-411|532
215|-339
-991|715
-215|360
-710|-262
999|-509
-162|-995
-301|707
-86|981
-112|635
-344|926
-251|-544
150|422
344|-904
358|677
-330|-500
487|-746
432|-230
-905|354
533|391
-755|-409
-135|442
544|73
-424|628
234|-879
-507|-565
381|-393
991|-169
-700|-386
368|860
988|-76
357|-769
-451|692
847|-82
426|102
-626|921
66|-89
-686|939
-32|378
-674|-38
-655|660
-642|802
286|754
-239|388
825|-78
907|-400
-756|324
-213|-502
-382|1
130|-509
741|665
-111|798
997|613
-593|557
-14|589
740|-74
522|632
226|-139
909|-958
102|-171
-218|-100
-349|-338
684|94
-73|-795
-432|-946
-799|912
-710|90
-968|199
251|180
-432|-710
193|-143
-394|-139
26|882
379|332
-808|-76
8|-193
404|895
-216|-541
457|-165
-374|-529
357|852
593|-677
74|731
235|213
558|74
527|-208
-603|-972
-530|79
-195|406
-311|383
157|-975
-799|-128
-442|97
892|350
457|-520
-296|325
-777|-687
814|536
-138|-158
23|-20
-513|37
652|-619
-752|25
-806|830
449|-48
103|-914
-297|6
348|-136
-393|251
-805|-318
700|313
-630|528
-206|-506
-507|164
-947|-207
735|-885
508|-294
703|22
462|-307
612|594
100|203
-699|-327
468|58
-1|736
-999|41
-349|-187
562|167
106|326
-745|-236
79|913
-350|-85
-471|-106
-869|680
550|-916
81|-328
-821|-696
-225|160
630|-62
837|717
-125|-143
326|-38
-624|519
-763|729
-723|971
-83|-908
-134|-161
204|-237
928|514
-492|697
622|-744
414|65
963|788
-558|216
232|-322
-336|513
-627|931
-624|855
307|903
810|-633
57|962
-507|863
-887|-38
-827|751
-830|269
733|-150
884|-470
753|-453
-734|845
307|-463
-728|759
875|676
553|-826
166|827
-641|137
-707|-389
-263|531
-861|-588
-480|621
932|-572
-974|-294
464|-286
-986|-249
925|934
513|-412
717|385
1000|-718
838|663
544|630
175|-658
-323|-373
73|835
-789|178
569|-972
-197|-849
446|-506
686|-153
29|514
955|464
571|861
-534|384
-632|740
-941|-362
408|591
-403|603
-498|-82
937|447
-44|934
-705|601
466|925
32|-281
615|962
-200|-837
777|-182
-499|-990
628|-662
247|248
243|805
101|736
459|-389
-453|-147
765|998
569|276
-600|916
961|-450
-518|287
243|-766
83|460
-972|35
597|141
353|732
-762|249
-168|859
-76|481
-45|-3
-217|-322
952|348
-277|-799
-686|-158
-214|-737
-196|-274
780|-76
803|-60
-400|-951
-154|-107
247|-28
-690|370
-262|-236
794|405
339|-219
-777|-97
-652|-493
-770|989
992|-85
929|231
-309|342
47|-228
140|-198
-491|507
-199|-171
252|-270
170|38
506|949
-60|249
536|-89
-313|-441
-867|682
-836|-550
820|-199
-765|781
-641|313
157|-403
-953|-915
224|-591
-320|-174
-403|246
338|319
190|-254
29|661
-650|333
-451|-754
176|-110
917|-338
-243|-911
-19|-29
-592|703
-80|771
-248|-984
756|-940
142|595
-978|-674
519|-452
119|913
-781|-320
935|-671
166|788
789|915
606|715
-544|867
138|844
185|765
615|-625
-355|-705
-230|-194
-303|-810
419|659
-66|823
-157|-459
870|-978
785|-101
663|-432
-969|-389
-681|622
26|209
-312|-625
514|274
86|17
-797|-925
169|782
-960|524
568|296
444|-333
-764|211
510|-862
587|100
959|77
463|-906
987|-357
397|-964
787|736
243|659
145|-311
-875|304
20|599
-26|803
346|575
-637|-486
-328|-663
624|207
84|-997
-520|-336
-447|6
285|491
-985|-249
-158|94
628|-529
-724|-957
-729|290
87|968
-877|609
-517|90
806|916
-370|-792
-526|221
-914|775
-419|-994
-518|-625
-749|-808
-147|-162
388|-779
-132|-663
-26|535
730|-14
268|-411
272|597
795|-65
738|861
803|-783
434|-838
44|997
-921|-351
539|834
-131|511
806|-320
896|-512
815|-790
-439|-176
866|801
967|227
370|-985
634|-621
226|721
982|-801
-219|-642
362|3
-805|-484
-551|-79
126|-418
452|410
-942|947
208|155
511|175
435|340
-2|737
732|-848
143|757
89|-601
-935|677
298|781
751|385
248|-100
197|-686
-367|907
-120|-332
-636|121
861|154
-735|896
-981|799
-234|997
899|-958
674|241
-22|-82
685|518
413|118
-863|-857
-632|20
416|486
-260|-87
382|-59
-867|-694
-934|544
829|555
45|26
-571|-458
-57|-521
388|858
290|-536
474|943
685|392
-15|88
-7|-773
40|991
-265|721
-798|-568
41|23
-236|126
751|475
575|269
-385|-768
-539|-411
198|-708
-114|-538
-494|-343
996|-680
-423|-880
306|339
-958|937
760|413
361|165
-930|-579
897|841
262|770
-932|-139
591|-448
444|141
513|-836
815|-763
-445|832
380|-473
432|-447
67|986
704|-130
-161|387
394|-706
593|452
699|-269
-333|425
-623|-464
-306|693
-376|-164
576|712
-923|991
119|265
297|-629
-170|853
65|889
-630|377
-358|956
-824|-99
-792|601
513|583
101|373
963|979
-991|353
632|396
-681|-531
-672|-92
529|-189
-720|762
-41|-313
-172|-513
965|-69
-761|-935
977|214
845|582
637|980
133|100
-230|795
734|-887
908|313
-652|-135
966|-912
-238|77
14|801
405|-427
-854|-860
314|-913
146|-447
-295|-815
989|705
-974|290
384|-6
329|-664
540|-296
-981|881
-207|-351
-283|357
-554|-944
-721|-371
356|-281
-170|-514
884|345
31|-82
-823|798
375|617
641|-153
454|721
794|641
-682|504
664|75
369|-174
-503|958
-488|-218
-81|251
716|268
-503|-189
838|667
-531|266
723|92
161|-543
288|7
-270|-884
-418|-541
609|464
171|-811
-950|674
-991|560
395|-39
-779|356
623|-277
169|-1000
679|-241
-20|-17
-275|781
-216|497
-290|-871
217|-886
-316|669
-666|-582
764|923
161|993
831|669
-262|806
885|-429
-850|481
-899|-981
-985|-409
594|216
326|189
135|-109
233|586
-115|508
-243|-966
-568|-934
41|696
170|-838
-622|180
-865|-287
-134|660
997|-95
912|781
710|660
406|-409
-651|829
-689|508
-847|60
275|-293
-827|-558
-989|-597
505|-894
-580|-518
-581|-800
-483|-201
305|344
715|-720
-414|-152
813|682
717|-581
-588|-8
-563|564
41|34
-134|-309
-51|70
-902|-262
729|-848
-413|643
705|827
-31|-112
-322|660
-665|822
-909|127
-407|-223
-103|-538
468|-645
-429|23
767|-452
844|915
528|-658
-687|713
-407|367
937|255
-921|-865
269|6
-230|505
532|-233
910|662
-299|-107
-967|981
-137|880
-522|924
-850|309
589|-759
557|-938
350|122
36|-863
-989|752
662|162
-85|169
941|-615
594|-495
519|500
-590|415
-260|87
146|859
-526|749
885|-135
335|719
-982|848
869|643
-927|-375
-338|-679
-504|-918
-994|290
921|-881
739|5
119|846
277|907
76|285
905|-760
580|-328
-646|734
-441|69
55|967
-667|-951
-592|-243
714|857
-261|-773
548|-810
715|700
978|858
-335|375
-635|-387
817|388
731|523
-720|447
839|-106
-978|254
346|-600
605|-233
-985|250
326|-128
987|916
688|-856
322|-171
-82|-286
457|414
-849|-170
-354|621
-833|-453
-86|-955
609|962
-133|-535
138|-398
-439|-109
-227|-566
-608|-611
641|540
401|58
-262|869
505|775
-964|733
-371|-908
776|-204
657|-904
679|505
504|825
-244|487
-237|223
-115|-622
79|-266
-859|-190
-368|-340
-417|-792
763|820
746|-559
530|-720
-102|-149
-908|-897
154|-732
-786|349
-643|-242
197|-670
674|-220
46|-596
211|223
67|-843
-407|-613
-219|41
-640|954
928|-78
-301|981
-984|901
838|264
416|206
-875|583
306|-760
-873|995
-919|-900
687|302
-649|-901
552|-376
-239|880
798|-227
-207|-997
-875|-507
-44|-137
-19|-121
-478|175
-542|-310
214|-782
-877|297
-744|-222
-792|128
-822|940
-193|-200
-541|-131
-235|-417
-718|20
177|-699
-29|609
604|-161
-638|-757
870|-479
492|-220
704|903
-847|-813
-87|-345
728|946
-822|-61
-834|750
-403|97
196|-585
-660|-771
-519|-16
605|854
-768|-909
-152|-504
-844|-76
507|778
-746|-768
702|-398
-909|10
-294|-598
-544|-384
400|86
937|108
-888|932
-38|190
-116|539
301|292
-381|257
-620|-435
-190|-428
-641|731
866|167
794|-692
-375|-861
-391|803
454|-171
-803|97
-352|-313
-989|488
128|260
802|-475
-110|548
555|-415
-151|-43
317|53
-781|374
-544|-48
-253|-518
-93|934
-534|922
-278|241
-929|96
-290|-999
280|-92
-933|875
-277|-158
-687|854
-615|716
991|-901
-719|185
-744|-148
601|133
-302|-212
950|-151
788|65
919|900
-119|-987
295|354
687|844
79|485
394|-304
787|894
-161|469
-529|-503
340|997
998|399
-907|205
-768|-248
-592|-56
-62|102
-403|213
-953|916
763|11
-587|-165
286|754
-263|386
568|413
-382|-403
877|-204
872|931
571|166
172|-914
367|834
-512|92
-525|-602
332|436
841|291
-161|-332
-509|-271
426|-368
-613|704
-97|-581
323|-108
-365|860
-996|173
728|665
913|-691
-181|485
-420|-617
500|-445
439|-984
-546|471
-914|517
-578|660
11|-474
-825|897
-942|968
758|-885
-597|-905
670|-753
299|-114
-732|-363
938|-81
546|-66
348|-749
322|-775
330|732
775|-211
116|14
102|710
-735|-255
-124|-868
-200|-389
-49|48
-712|825
-326|-338
301|523
-850|683
267|-54
-64|-34
261|-648
927|1
729|-49
-927|126
296|489
-37|256
-188|-671
-98|-865
494|-740
-521|-971
1000|349
867|499
514|380
-192|-492
-684|622
-779|359
588|937
-461|-734
-359|-674
-38|742
-929|234
-301|628
408|-357
981|603
880|-767
-532|654
-746|909
-159|-269
845|121
4|-738
-968|-607
-158|-790
-629|861
-148|-400
604|-671
775|-801
603|785
887|626
-557|-738
-465|781
-383|213
258|-684
-999|-755
654|542
610|-422
322|318
-219|-385
911|482
-341|641
-280|-303
493|-458
55|-71
-418|997
382|398
765|102
790|288
652|-121
-924|-787
-391|-235
197|-417
-6|-968
-470|-165
-252|604
700|-788
-94|311
-250|-345
-269|937
-630|745
893|590
-177|-336
-665|97
-700|-424
369|-366
-623|-488
-710|404
901|-541
-766|353
455|946
188|-670
-179|-777
408|-542
78|528
179|160
-552|-651
699|905
229|-862
-605|846
-99|-734
-60|-359
236|559
672|484
921|-365
289|130
399|-91
-442|-72
-160|700
778|192
-489|-698
696|726
554|-454
-975|975
131|105
-942|677
-68|516
98|492
-937|-11
140|445
613|-94
-792|-614
-431|668
-550|46
-676|252
-817|41
42|618
-209|-586
692|877
-909|-226
-682|136
-425|698
929|126
-120|-448
941|575
605|165
-357|-845
-980|270
541|-295
796|298
641|-381
615|-909
-719|-509
-611|836
542|-488
-697|-105
517|-748
-458|426
-966|857
-877|309
733|470
82|803
954|402
-317|-52
974|-723
-186|-801
593|539
644|758
-296|293
661|400
-241|293
-388|-982
623|-704
408|836
830|162
-272|779
-21|-64
11|282
-764|-805
154|-744
466|957
88|-555
852|-168
204|-973
316|-122
129|945
-440|833
50|365
72|-535
733|-119
-579|20
279|-560
595|-767
342|729
808|-691
408|685
-305|410
-560|624
-898|979
-416|-458
550|-424
43|444
-898|894
308|-491
542|-847
-293|-553
-108|-547
-994|-872
-592|492
872|-82
983|559
612|-14
339|15
249|308
-557|841
-736|-633
933|-446
-189|-192
375|-814
94|718
823|631
187|127
195|279
-381|-428
-843|-975
541|316
-772|544
-218|213
-791|-631
173|-659
-307|339
-795|884
109|-780
876|-78
772|554
-94|-695
92|-523
-321|12
358|808
696|-363
412|-701
-969|762
860|365
-249|-951
-722|-973
-40|1
-122|-505
639|310
662|338
674|-233
245|166
-29|50
-370|-688
-87|776
-564|302
123|-772
-551|-403
-783|632
629|635
329|892
-844|377
-626|320
698|-97
-681|-84
400|-100
808|610
870|-344
-953|-954
790|-626
853|-851
-500|-44
-383|-170
-507|-888
11|-273
-39|377
189|265
640|-162
-542|520
259|-452
20|226
284|-643
-61|96
-337|-808
29|966
-201|165
931|115
361|-283
-64|439
139|-166
470|-502
-667|228
-654|454
-959|-538
-49|-865
922|408
-535|-739
243|154
802|-743
760|871
-663|274
452|-652
-970|-98
367|-419
334|517
584|-331
229|-600
-711|-923
-289|711
898|-691
-222|475
-138|717
84|-434
779|481
571|-225
-47|-244
-378|-387
-720|551
289|-622
712|440
376|-228
535|-808
-942|338
936|21
790|384
-646|-467
715|-699
-437|872
276|656
-858|-154
844|494
975|559
-763|-882
146|903
714|250
12|-866
-687|-691
-316|840
691|-625
492|-835
-108|-584
640|-609
-286|-206
-898|186
-851|-536
-423|-411
554|-359
-841|826
-688|-618
-891|400
-804|52
-955|480
-693|28
704|30
-572|-719
421|926
-534|-481
893|507
725|769
-113|-78
188|-488
318|977
-672|-341
-402|752
632|68
-197|-255
-246|-267
-532|-943
-125|574
814|329
-338|-300
-2|939
-713|796
-989|-232
545|-989
67|-277
655|-384
884|-910
655|728
832|-942
-944|581
355|414
-934|-42
-478|-705
-781|-779
-685|899
71|-275
-477|-54
92|238
-654|34
-63|-823
-785|-645
-673|996
379|-671
-103|-167
-738|98
-207|-106
75|57
762|-258
-71|720
210|465
798|738
-433|-947
-385|866
-108|899
579|-827
500|-859
801|-745
-285|803
-10|19
-169|-445
-731|-947
197|335
-733|651
-282|354
-328|605
782|-3
-904|64
-609|-744
3|717
616|281
28|-494
