5000
393|208
564|87
-439|441
-125|-73
457|761
-939|416
-956|-617
-935|986
-952|-724
729|-70
-483|-536
363|425
-899|-695
22|-462
590|907
312|-743
-983|690
527|-675
189|89
-759|310
-463|704
13|80
200|635
770|526
-195|-798
-41|-82
340|862
-113|-440
804|831
57|311
-342|-585
-259|-756
-51|-132
641|11
84|467
-268|-603
-626|-974
168|477
164|179
-735|-496
-909|-301
744|689
207|941
-894|-622
370|-194
398|114
150|553
798|-125
976|775
270|-380
-356|995
-592|82
538|-87
-906|-976
687|861
-487|-9
-162|62
-313|855
334|496
462|-148
-187|981
632|-36
315|628
827|623
-930|-779
-198|-853
-140|-98
333|-666
-230|344
390|-474
810|-356
391|-368
153|830
225|977
911|-285
-466|312
399|46
-311|-3
-56|-177
30|42
-62|348
978|-732
83|785
324|-902
-990|972
897|-326
-473|136
-595|-886
766|164
-312|475
-438|-220
-402|-983
562|147
76|641
-332|379
-780|-184
912|-172
184|-810
421|745
933|555
-113|-225
-275|-78
81|910
-439|-405
885|-388
-861|210
-998|87
-296|926
-778|757
-909|394
582|539
109|-308
308|834
-42|-227
-910|-545
35|-82
-339|-184
132|515
582|-859
275|157
788|643
796|145
-721|-308
610|737
620|-324
245|834
978|-613
-144|-966
-72|-132
227|-751
-766|-282
-454|-1
791|-942
677|643
685|364
-262|573
-670|538
445|-344
-381|-251
333|-400
115|595
-386|-135
-144|-373
-549|-38
-796|61
-564|629
-18|-218
600|452
-604|197
30|672
972|-357
660|-637
-239|396
772|-924
-407|-897
-922|-260
-656|-971
758|-380
-58|929
859|-599
182|-6
264|865
205|886
251|-728
-502|-926
-754|823
660|788
-885|-60
697|-863
175|830
-40|-133
310|967
-716|760
343|82
77|-998
-84|321
-416|-283
800|459
-3|519
-850|815
-308|-72
-9|-18
431|-401
-970|-973
720|-421
-943|-668
-864|221
-841|-58
478|368
710|873
-36|151
-886|149
-77|784
-205|-205
724|-327
-508|384
-162|-14
628|401
799|-345
27|-561
-368|706
-524|-339
769|-492
-915|822
-690|-169
668|-138
310|-629
114|789
620|-877
-479|556
932|-808
629|24
843|-772
626|-230
-662|428
533|-733
815|-941
-476|8
856|476
-670|870
975|895
900|-394
115|466
-498|-751
984|-674
-510|-240
-460|558
-721|-950
982|-314
-214|347
-897|-981
-594|-455
-67|272
116|-548
-81|-342
-954|568
-801|785
-408|-603
-857|-908
108|717
-478|-910
-521|-677
410|198
-382|801
320|151
-91|243
404|-982
-467|-339
-62|36
356|-582
-845|-48
-824|232
274|635
-687|885
862|705
943|-278
-200|869
151|64
420|-218
529|-654
329|-989
668|-635
913|743
-17|-692
-773|-869
480|-982
539|270
4|-231
-536|995
807|46
-872|745
-911|-162
346|-967
57|-256
359|-414
559|32
-476|-727
-212|845
-7|-732
570|983
-148|303
665|90
740|705
587|816
-893|482
430|-753
948|-34
-991|-470
-435|296
-783|768
417|686
-833|561
446|-159
-590|237
-287|576
116|-525
-134|505
119|793
-649|-810
-518|-195
195|800
637|-628
428|666
-35|381
-344|23
-569|-986
946|479
811|148
-210|849
-246|-511
-872|-117
120|844
827|24
727|39
907|-500
67|3
-538|-552
871|873
741|-166
-829|532
-197|-799
-642|-245
-573|-472
713|-475
77|-15
-887|403
194|-198
297|288
-469|318
456|26
424|974
374|361
134|960
804|-459
-611|494
-946|-749
-893|298
280|376
244|-63
-673|363
844|559
503|-878
-449|-410
-244|81
83|301
764|-290
468|331
-271|-129
-90|202
191|-615
578|587
-540|-234
869|-832
26|405
-942|926
-858|-92
-931|-792
-825|-654
148|-536
393|-328
449|192
-447|145
402|-667
74|-75
82|548
811|414
-897|501
955|-74
-682|619
-508|681
-956|-795
-665|43
573|650
527|-108
-222|-515
685|-678
-738|601
-178|-132
-204|-773
-894|-315
-347|-73
-99|270
168|-827
-778|-951
-9|-462
-776|-99
-200|321
-375|-358
218|-816
343|-810
-41|397
-341|349
-286|194
-363|-546
253|-153
-965|717
-434|-107
426|761
-896|-761
538|187
-353|398
-529|3
256|-489
-121|-726
937|-775
-230|164
-234|850
28|961
-850|-113
-865|20
774|-763
250|-490
575|283
730|659
385|176
931|849
-258|-438
-625|591
248|-449
-505|-353
711|595
-133|-318
249|260
-826|-453
270|-574
344|143
-461|89
-754|-921
-305|-935
197|-12
842|196
-278|-655
625|293
-562|-227
-172|-796
-28|711
480|-739
935|49
524|148
102|597
-911|-180
-26|-657
569|-523
-775|464
642|-669
201|386
712|1000
-664|879
-958|244
-232|796
-692|-424
-787|-45
416|-134
440|190
-101|-594
422|791
859|38
78|-86
223|-985
-252|-47
884|975
-982|291
-105|-240
-118|1000
668|190
42|664
115|-533
870|63
-139|888
-91|-171
-648|-293
-887|820
198|81
151|-934
-782|295
631|-949
639|-271
-573|-817
762|809
-110|-369
740|-705
-11|-775
351|223
110|-762
-75|-932
-150|-854
-175|-678
636|-51
-348|26
851|-559
491|-844
383|635
-428|999
-3|884
705|-72
-897|-359
-569|-179
718|-763
-734|4
-391|670
-146|-464
-310|713
788|502
-742|-909
-155|679
205|555
-823|-251
-415|700
167|954
280|589
-389|-461
-244|-426
135|-300
847|-566
575|-892
758|-859
590|-22
-475|272
-218|692
-544|942
301|262
-514|766
734|-603
-837|-884
424|-702
-580|-739
313|-273
-910|554
-965|-745
919|-894
411|-597
377|-972
-197|625
909|-335
185|260
-822|678
-655|-439
-703|514
-402|-511
-108|-190
885|258
-347|-109
-242|-405
-426|-893
-797|886
914|-558
264|376
279|13
269|911
-457|175
993|-687
-467|884
746|-260
-478|414
792|689
770|-840
495|-932
-622|-438
749|953
-218|904
621|-986
931|949
-863|-351
440|-300
-723|-268
-125|-402
-877|938
562|-961
-253|-604
452|-642
-193|-632
288|664
-66|367
273|707
-88|-723
-821|-229
-329|-742
46|-585
-661|815
-319|818
-254|379
11|-728
756|694
-168|-130
-917|-449
582|-855
-33|952
-106|-15
-825|163
-6|6
152|420
568|115
-465|725
-346|421
610|554
358|-870
671|519
-762|-491
1000|78
-854|-437
551|113
-608|621
-448|-842
140|-147
-382|-74
-250|-274
788|298
132|-392
968|-643
6|732
915|-797
-589|252
635|-397
630|-632
197|139
-81|-21
-453|377
-314|685
679|-271
254|584
-477|437
689|-96
-435|-866
481|-613
34|-89
-189|-43
249|-991
-872|775
-170|877
672|-4
-486|576
-886|938
176|-935
-530|-124
579|-191
210|-920
667|719
310|-262
259|-406
501|-614
-177|403
-66|302
-625|-300
807|-18
766|-129
-736|-334
-526|-389
-861|123
75|-395
278|-910
-829|226
-820|365
32|-386
-284|995
-844|-956
-263|-674
-136|829
-542|494
-724|275
776|603
-75|484
-971|732
785|91
491|873
388|-248
717|-745
859|-514
-49|303
-46|469
661|-199
-421|891
-450|910
856|-796
19|-850
741|170
347|334
427|965
-478|-6
-760|23
168|-557
-304|414
-420|-974
-585|-633
961|639
-403|-525
-424|-206
-318|-254
-554|445
356|755
-228|570
23|84
-592|-516
56|-662
-886|184
-694|-493
567|837
-828|362
-181|-305
-760|728
447|940
-630|418
-114|-33
359|-377
-819|-328
402|176
-88|-332
-264|208
314|-263
702|349
536|386
-229|-492
773|-172
-566|-73
-126|125
519|-80
-186|-656
-40|-843
-601|-104
254|-709
-275|-943
354|90
-858|-70
40|631
-693|702
-722|-888
717|-472
163|-493
832|107
-652|397
207|847
-909|-143
770|-962
-179|545
88|-944
732|247
815|81
492|985
873|-192
500|283
-615|897
-696|30
158|848
-970|130
-829|-655
-783|988
-371|-375
-270|-649
-301|988
-361|190
-302|279
-920|579
-24|906
-285|-585
-830|633
880|-405
743|824
-735|233
-829|-944
828|936
960|329
594|-361
-895|373
919|-195
151|807
360|-750
410|-261
-199|-899
545|419
-942|-971
538|-786
507|19
991|-342
428|8
-420|541
-877|-725
592|367
981|-9
702|-422
-118|116
-516|39
-696|813
734|827
122|538
-880|418
-33|-343
597|146
-686|-129
569|520
-625|296
-378|-870
-608|-365
-816|540
-657|778
-775|266
-192|-197
-703|-849
-895|506
49|52
-705|605
815|547
53|776
303|-11
889|-546
822|59
33|238
-800|538
-671|939
56|258
33|-105
-886|-582
-867|-779
146|-815
647|652
-692|-533
875|85
356|-950
947|933
-75|848
-53|900
-931|-264
792|859
293|-389
-145|857
596|492
807|674
592|790
922|-374
-484|-6
-341|614
469|182
-707|123
316|212
221|-806
573|-439
-556|-43
502|983
832|648
479|-524
338|-304
115|525
-29|-825
-256|497
-333|848
68|-248
939|292
789|842
-712|610
-924|-719
737|770
979|663
-850|864
27|-270
627|179
-309|348
-574|-627
-649|-361
-919|173
-156|421
915|-8
631|186
-986|-8
561|115
419|755
-896|652
208|-681
-220|440
988|20
-663|573
38|-135
495|286
456|417
475|639
426|803
-115|-894
-241|-809
-967|395
-683|-503
-985|-904
899|-611
236|616
-317|-921
-247|8
-144|43
-159|-657
-272|113
217|284
685|870
197|652
871|-115
596|122
96|838
270|-642
358|156
-665|-309
-893|973
415|-235
-920|-871
-397|-682
342|-695
-733|783
-874|-437
944|516
906|-250
115|346
881|524
-28|-790
557|879
-931|-918
-102|-790
471|860
-205|-386
-996|409
-45|-339
-522|-28
-355|667
779|895
-276|-633
-330|-529
279|520
-738|-644
299|-173
-70|390
-371|-1000
-513|-770
-183|407
793|561
-119|-273
-492|100
288|-623
-710|427
22|-166
-615|3
-276|-109
415|404
-197|224
-404|582
388|-957
-639|-240
956|-835
480|-123
-876|-118
-535|999
570|979
172|147
-960|-769
211|-503
524|-407
797|101
389|-960
303|906
-73|-407
172|-452
19|429
203|-909
-701|417
149|-378
-828|524
436|-790
611|-667
273|222
946|435
515|-531
-909|-247
-894|-576
696|-452
53|-243
-869|416
-194|-226
379|-283
-696|-593
208|-25
-755|-307
-903|309
-192|703
351|956
-211|-128
115|626
104|-50
761|-103
447|-114
22|40
-935|123
141|463
-117|-705
-441|-992
467|-86
-99|-891
844|753
-143|519
-364|339
-739|513
-932|-384
-296|738
366|-377
322|-695
387|79
-411|-471
961|-213
642|605
749|133
-557|-101
427|440
-616|27
189|61
339|422
317|-872
-385|-255
589|-394
579|-957
-514|245
-178|955
-828|-345
970|-434
-163|938
18|889
-192|95
295|503
-965|809
840|693
-900|676
102|633
-606|215
-461|-796
-71|-181
45|494
-91|-835
689|-795
75|-116
449|-699
-883|-257
885|384
-975|515
-458|-77
-164|-535
-836|639
354|960
-387|-169
844|-33
2|-534
652|-421
-380|-113
-330|819
856|723
664|99
-233|-512
-821|443
-791|797
-77|-333
265|730
-18|40
832|-435
-178|-238
-771|-770
-479|-314
-211|-466
252|-357
-565|-719
728|696
291|-670
-716|658
-303|589
3|271
347|98
-87|268
363|-848
-877|289
35|-936
173|466
-768|-665
-812|-883
-155|-732
-786|68
957|-403
743|-191
208|64
362|849
890|-539
-895|600
-480|47
201|-905
-45|480
938|119
951|-488
-934|685
-750|769
-450|-840
-774|722
44|951
491|-390
-647|-483
866|-977
-864|-148
705|857
-347|411
-430|-909
-523|-385
-374|-889
-675|49
646|786
-541|560
918|-372
178|-900
958|-653
423|200
-951|-486
217|-362
442|494
-295|-269
-85|140
855|199
-413|330
-935|594
-280|-57
369|-856
698|687
-942|-46
231|-78
999|726
492|-770
436|-367
-259|270
-524|45
829|-774
-400|-408
-948|709
65|45
-497|-916
-933|-68
371|675
-404|157
-314|-29
675|159
-173|-594
-189|982
875|-180
101|425
299|-168
879|-606
-164|171
-951|257
-645|-485
-424|30
295|549
-167|-38
-336|-703
-558|-1000
-21|350
-82|971
-711|874
-22|99
288|-655
-491|-934
-518|-292
-819|-880
-523|642
-643|999
918|-596
674|449
847|-561
-494|-764
551|-502
626|-347
-708|965
-109|-501
868|-390
-157|-19
638|-453
150|177
322|337
616|-147
374|770
-211|892
384|-995
-321|428
-830|894
766|-294
672|-726
-820|-116
-541|486
-397|-438
361|-930
431|950
172|310
-404|-104
-364|283
3|974
-228|-750
-271|196
934|110
24|43
342|-773
-196|-197
855|-147
514|535
48|-692
757|-652
367|469
860|433
430|-8
-231|-611
842|387
234|494
983|-121
752|-627
322|-208
138|-978
498|-484
-36|172
-733|-229
555|287
949|-56
-238|-346
964|-569
-263|535
679|-218
-277|970
-378|53
923|978
-389|-154
-976|695
-736|-72
-756|492
608|-37
-182|-945
834|101
738|619
182|613
-710|615
105|-61
16|-924
-529|-578
960|34
-906|392
-901|305
-674|215
906|-642
-365|-313
-974|-734
-532|501
-437|86
863|-148
-34|637
-713|-934
-749|57
329|830
399|-192
-370|599
-876|717
565|-60
98|-116
863|671
894|56
422|52
974|391
604|667
582|745
-938|460
148|-342
-932|-918
638|-767
-847|-377
-377|-18
-335|449
-515|-610
-628|648
716|-708
2|617
-113|-481
-410|-730
-780|-721
25|-975
369|507
-439|-554
-135|873
-835|177
-36|-839
-246|-811
-832|-593
-621|535
-107|-245
655|-350
984|1000
413|980
-856|368
-318|9
-209|546
-73|-962
36|366
-206|606
-635|-745
741|-68
-439|79
373|-350
-502|-365
624|-165
-835|450
-513|-969
-523|-42
232|-826
-51|431
344|735
-424|927
445|443
686|922
-538|638
-391|-224
-245|930
674|-968
-954|-451
-701|49
885|230
-566|-665
-581|-954
-556|-180
646|-91
-182|-151
-914|-159
-158|694
719|599
-186|-390
-416|259
310|-492
654|910
2|-333
-850|-858
-645|-328
399|-388
-902|152
502|-477
-437|-638
933|-202
132|-1000
670|390
988|-526
946|-181
165|82
-5|-478
114|928
-508|227
855|737
-207|748
-202|126
804|171
-511|268
818|440
842|-613
-377|-545
518|140
469|303
308|613
607|-576
-453|114
-848|-636
89|-470
618|600
-553|-711
-642|-31
931|93
-547|247
601|-469
951|664
503|172
149|-31
-586|-988
-519|376
443|-605
99|751
-862|438
682|-976
-28|449
-474|-490
-483|459
-996|166
-79|-791
888|-63
546|-717
-492|844
-886|140
913|600
-884|-365
-882|-205
282|640
286|-105
-431|639
-212|484
-46|577
203|571
-253|756
-470|691
-862|135
214|-420
-168|276
68|-740
892|-730
-318|828
42|85
632|-451
-513|299
156|-711
845|705
914|340
-924|-148
810|596
-822|-210
754|344
-996|-421
589|-284
879|285
913|648
28|235
115|845
297|-53
-146|-801
642|104
897|618
-710|-715
-913|-982
-767|-312
891|61
-62|-644
183|380
-553|-717
574|-991
-935|-960
170|-321
-783|590
904|-439
-101|146
917|-755
539|268
-143|554
-760|-439
-540|602
885|8
664|-732
370|717
27|90
-115|-439
706|912
280|-784
-878|998
944|375
-925|-390
871|-698
225|-993
-225|998
35|-633
263|768
-320|391
-346|27
380|-358
-434|-608
-794|909
-906|-9
962|140
-411|-559
-179|612
-848|-748
772|-803
-775|62
143|820
653|-48
-609|57
325|-767
504|302
-135|267
443|-484
450|842
-925|-96
243|-982
-462|-721
-28|354
879|-637
781|-437
-64|685
846|-736
-698|819
-400|674
258|-664
821|388
-751|423
280|362
-363|-866
372|368
-921|-1000
699|237
-985|799
-709|49
230|-548
-698|771
648|228
-579|540
621|-685
-725|825
-709|382
147|-937
556|905
964|318
-858|616
-139|404
701|-899
677|-215
-604|589
995|312
205|-568
792|570
590|463
853|769
-72|841
-620|-70
111|345
212|646
-581|-446
237|893
761|491
484|867
748|-997
-330|502
-181|-794
446|705
-43|-583
-545|-435
813|360
-345|-309
-412|-411
921|938
-8|-355
148|-799
-92|714
28|710
261|-432
890|-979
-599|141
192|-501
-699|-568
934|89
-635|600
-536|-154
276|-862
-299|-414
-971|-774
946|-465
-347|143
479|-391
-680|73
-993|462
315|504
-380|576
87|84
20|-403
489|681
786|953
-927|870
387|-609
88|586
-850|-884
-695|603
-704|-806
434|896
85|571
-31|412
-15|-307
364|336
317|-729
411|738
830|-295
-792|-751
994|-10
-577|584
-45|873
-855|-572
-518|153
549|-979
-295|-481
-695|259
862|-731
-340|194
-106|753
324|-98
-584|532
968|316
276|999
949|-515
808|-212
544|903
-317|-89
-696|-427
-239|-217
-559|-804
-72|763
-28|-653
461|-143
-883|-309
-661|325
-297|-600
-225|-330
358|-295
295|717
-856|-920
-101|531
841|834
-654|394
-755|164
886|113
-818|-153
-814|367
630|573
-471|-771
-241|-423
18|368
934|581
-622|973
-151|688
-287|579
-728|64
-288|51
198|917
770|-76
691|701
-658|413
157|359
-408|-12
707|-662
313|-870
-81|4
-478|-315
733|507
-914|646
548|-784
-285|987
-826|917
-642|-663
-25|-478
523|-402
17|-274
253|-653
-549|268
766|-541
-76|-467
225|-196
-963|-925
-766|309
-713|-430
-348|-249
-406|-107
714|893
-357|-339
-103|458
402|246
-279|833
-822|858
-842|966
457|931
-869|-412
-596|583
327|61
-893|500
-939|981
546|782
531|-353
463|-542
-569|-343
705|-770
-193|-530
143|-929
204|-148
-90|857
-701|135
311|568
902|-296
-617|747
-300|-809
-315|-92
-54|-334
-200|159
-581|-302
185|-474
-28|889
-688|230
638|870
580|500
353|-1000
223|112
-285|-804
376|-98
-619|-926
863|-81
-727|-663
222|374
445|-828
421|-819
834|-993
972|-633
233|-944
-603|310
-552|134
629|747
82|705
-185|-390
699|772
-178|63
-93|-612
793|-766
-789|-602
881|-169
-238|228
-638|-332
-18|-634
302|-191
975|472
-560|90
817|-274
418|-48
482|114
-84|440
591|548
767|209
793|-613
974|-256
18|864
-13|654
-13|102
532|-896
-747|876
-664|-648
328|589
514|-691
-863|-870
-321|-168
152|34
540|-513
960|607
955|263
332|891
-528|-465
-494|-352
755|645
-366|-170
-8|-345
843|-632
349|-984
-751|264
-764|376
144|500
-619|52
-108|-575
502|-610
205|-334
356|682
-363|383
-108|-158
-927|718
721|926
222|-732
-974|-603
51|432
-97|922
-587|680
-559|796
573|-571
-251|-618
-772|-624
-224|-527
-498|-312
24|489
195|797
-601|613
-44|-355
-923|938
763|-171
-51|-668
349|312
521|421
624|151
66|-335
576|777
-975|173
-931|-182
452|498
-981|607
-632|-877
-855|-361
386|-819
-93|546
-642|-774
-69|813
-855|409
480|-807
550|726
589|305
36|-606
-789|-983
-318|-623
-141|-581
730|944
-493|343
346|-43
-337|129
905|566
147|-794
199|-816
-351|-167
-586|-7
224|728
480|7
896|31
-84|-98
-412|358
721|-536
156|937
-18|-263
-670|995
-464|-59
370|-983
-183|-565
-404|-6
-847|-21
-633|127
500|490
-217|-411
747|-260
647|754
-890|744
-305|-317
-189|949
-70|-819
-10|204
-907|-768
-630|-154
172|-428
434|-866
-692|-907
-372|-369
-282|313
-264|296
-513|220
-764|-886
111|-477
-760|-1
-299|11
-893|-204
-974|758
837|-232
619|459
46|-709
-48|441
-23|469
669|-355
-518|302
-368|-466
280|835
-315|566
-394|-70
508|-968
-699|-319
-779|-232
-676|422
980|234
-172|558
-491|790
-840|-809
-496|-357
-613|-711
-234|135
772|824
488|751
-812|-518
120|-583
401|-944
-117|608
703|902
62|-12
897|-144
-419|889
-390|547
-562|790
-807|178
289|547
-914|530
218|97
746|-606
932|-671
411|-858
503|-68
-480|-552
13|-697
-626|-588
407|109
-987|-302
678|-621
-824|272
-464|-817
-511|332
-256|217
-284|-475
-211|168
-2|995
-388|322
-668|162
384|-422
463|73
697|-909
-507|-348
-475|-830
-910|-483
-529|760
972|64
869|-985
-536|189
27|-484
67|-206
-77|571
330|-608
-475|850
-308|141
-519|831
-833|-329
-297|743
882|-246
512|732
441|-318
-754|-732
-651|677
-941|-520
-696|923
387|-832
401|344
461|304
44|-446
-904|821
739|-259
413|-312
995|-505
-623|-64
550|-76
-107|-734
750|-817
-707|-916
-124|-329
-3|-308
-757|230
-79|-83
-526|583
848|604
724|-534
997|-166
122|959
340|-124
886|19
772|904
-837|-475
989|-711
42|-287
269|479
-507|861
-184|-279
42|642
170|672
985|101
-323|-898
948|-156
215|278
483|540
33|943
-902|962
700|230
54|-904
-635|-2
252|-837
451|-673
-544|-311
884|-603
-34|-549
-999|194
-726|725
-305|-846
156|459
-105|68
-262|-243
-589|-433
-389|-447
-586|-647
-674|-201
843|-565
-246|-177
-989|186
-819|-138
-754|12
997|-78
-149|698
-624|-515
-151|-549
-742|-16
362|-138
956|43
573|337
-536|-62
525|299
-869|-435
-227|666
749|-92
814|-876
19|-769
-197|784
703|944
984|588
-87|856
905|878
680|-451
-589|-587
-898|-859
402|293
86|403
-325|-874
852|-961
-539|359
-866|-87
-162|-962
-900|-681
-894|-157
-324|854
-937|334
248|-282
-570|774
522|-869
292|-171
408|-146
742|-375
-164|-824
915|-41
-983|464
285|-508
-834|-229
530|626
696|-598
-201|25
660|129
204|-3
658|-349
920|-885
722|22
-308|-560
964|219
761|-516
537|-703
132|99
685|381
77|-276
-661|137
1000|-278
-594|-634
839|-371
-776|730
786|-43
325|-504
-223|203
52|-988
-845|311
-821|-661
678|-650
557|436
813|-18
-627|-793
969|-705
-223|-681
928|-424
-911|176
824|287
578|646
-53|420
809|-935
310|290
-626|482
910|741
385|920
789|-824
-171|712
-557|-129
-827|244
97|77
644|204
-331|-761
-852|952
166|-811
783|-170
-268|-689
-635|-818
-86|21
481|475
829|-471
954|239
-155|949
-445|803
-55|-723
932|-40
133|999
-909|-328
618|-337
-443|761
-294|408
-759|508
-229|-425
-994|520
700|-423
-566|-737
496|76
960|-166
706|-253
-940|106
-873|651
641|58
397|408
-532|-398
884|372
386|545
475|761
-191|-490
948|549
671|658
396|-429
-647|838
20|677
-443|540
-66|56
277|-516
-758|-559
-558|606
-797|-356
772|868
-349|-787
214|-678
424|249
995|593
588|376
-402|-434
-712|8
-192|-512
856|-126
-869|639
726|90
-437|-776
-405|901
-494|-625
781|-274
922|-950
-590|-56
497|384
226|-677
-78|-976
954|142
-748|947
-281|484
-900|750
-388|538
217|238
442|-944
766|-990
827|-210
-636|-590
-153|-108
-613|681
-80|705
-783|-23
248|-947
-877|-964
-707|327
-326|180
-868|226
554|-506
-587|761
-442|603
-510|-223
-200|2
883|-358
-684|626
-372|544
-154|139
-842|108
-465|-993
846|-954
850|-422
616|-38
-125|-490
763|516
597|525
-59|-156
998|-562
-647|-613
517|-929
-937|937
-777|-625
-977|708
-252|340
23|642
909|-602
307|936
444|-378
-779|738
485|274
-545|-401
171|140
-343|-421
-692|-778
-9|-428
-945|-683
977|-543
-237|-581
338|-300
-134|-490
-539|568
-208|203
-156|-479
958|405
103|772
998|247
385|155
-459|980
76|-497
-391|496
-850|916
-742|-444
-738|21
965|651
-964|-885
-981|-590
-988|-39
816|-281
-695|881
644|765
-67|-881
-37|473
-779|99
-882|-760
-660|-484
-975|-736
74|-899
-561|271
660|-449
687|664
10|511
672|825
-113|514
-870|-442
294|389
-755|321
248|-332
-672|-704
-107|-808
182|373
-987|834
231|-235
-4|-410
-170|-35
824|-771
185|835
-663|-333
226|405
799|936
-191|-685
616|-99
413|-438
687|-391
688|527
-819|-492
597|965
-518|114
-946|-768
937|-602
-754|-562
-500|-694
595|-547
-376|-774
-547|-825
751|-551
705|-177
-302|-767
570|-257
-103|782
780|709
292|88
-293|-611
-273|-126
436|574
-876|-691
434|968
-825|682
-8|964
77|657
-596|-278
928|418
-998|-392
697|-84
-973|-370
836|491
-351|244
-883|-241
45|568
971|402
446|66
501|585
-278|384
98|-471
176|-846
780|479
643|-244
605|-572
310|353
566|-205
-958|732
-216|-208
-217|859
-688|22
-371|57
-188|172
-271|208
631|231
-736|-470
-8|101
739|882
95|-145
-269|516
-215|-683
652|-329
509|302
756|-515
-930|417
869|442
293|308
-995|374
-339|-318
195|32
-574|-871
503|978
933|445
653|-350
562|-162
197|942
225|-471
-506|-241
492|402
270|445
585|921
632|880
-245|141
881|358
-255|-775
661|-793
849|-795
323|794
-287|-183
776|-652
634|-220
-517|962
398|-539
213|-421
-187|44
-420|179
651|812
995|913
106|-66
158|-980
-807|487
-540|-499
-575|639
-528|252
-666|-586
228|84
-894|-896
390|-797
-890|994
-923|-589
-955|-596
852|-296
68|-97
978|740
-188|133
242|110
274|142
-27|321
-580|905
-748|375
-834|-984
619|-685
501|-174
-58|228
-48|-902
659|435
-309|357
-119|-481
320|341
-747|-70
537|994
-623|427
380|251
718|679
253|-626
803|743
-711|326
-509|-689
-271|984
-248|208
-523|218
-711|740
198|-921
949|-433
752|463
603|425
-127|740
-193|708
775|-58
-796|-58
-385|498
860|-372
939|-461
589|935
-415|-784
-97|984
441|-992
-382|136
-141|-820
-418|-211
-642|-708
-527|-707
-364|-104
651|838
-74|-649
-843|322
-172|-354
850|-188
126|124
-935|-405
-86|-610
-947|-358
79|279
97|-490
-325|658
877|-131
632|-934
-280|-57
565|-589
43|363
729|954
782|206
-43|-3
612|843
-978|669
-50|-507
-865|-907
-819|746
-48|466
-974|-909
-258|-9
-987|80
-774|415
572|-821
-619|130
-564|23
291|-597
700|-778
-912|-274
-772|-778
-405|423
-991|-14
182|-985
-282|-286
969|651
17|280
186|-254
441|191
816|-992
-76|887
170|-135
66|602
-261|367
-482|-515
-821|-508
-500|87
932|-844
-517|-211
-323|701
328|-304
708|-222
965|296
687|690
-517|-598
-831|-695
-959|773
-958|845
-735|440
-372|-751
783|-596
687|946
-5|282
-695|696
-578|127
-527|-185
-542|840
-862|-928
-778|154
-763|-901
69|168
-168|235
305|95
312|925
860|934
-602|-980
163|550
-318|798
738|107
-389|-130
-858|318
378|121
326|162
-986|-301
-58|-48
359|-623
92|-697
-658|-212
-351|-496
-500|-714
-608|-58
-23|772
-96|-585
-31|-394
23|-18
-378|-354
-117|949
529|-486
412|-461
8|834
-966|913
785|692
-610|8
790|-800
460|-518
-893|-597
238|-104
106|-763
-882|-867
-846|-373
17|-150
-713|-44
111|217
726|292
953|-543
54|851
-344|-401
901|-431
637|-971
-988|439
577|861
-519|-486
120|-536
-451|49
-879|-665
560|-45
543|-908
303|496
-626|942
432|990
609|515
217|-310
188|594
-71|112
-941|564
-66|-84
818|789
85|45
-651|-558
-469|-309
-494|-256
-94|-746
593|-648
-782|970
-923|41
592|339
448|660
-504|365
410|426
928|356
-417|-307
671|765
-405|-18
-357|634
416|598
834|-9
-784|143
571|791
717|645
6|-743
-732|200
488|280
132|-891
855|-977
-687|139
193|-503
-955|130
-180|695
627|-951
-801|-873
495|-676
819|20
9|762
-327|154
-131|-777
-480|-784
326|-503
154|-162
416|-572
-444|900
637|434
-713|-132
303|624
-539|-115
494|538
691|527
-43|-223
886|-800
-663|-96
754|617
683|-858
-961|-120
694|759
544|-432
853|681
-787|-737
-738|-373
245|-90
-518|560
279|-111
729|103
-292|-963
-981|267
-263|-158
637|141
-995|-65
686|-825
-202|779
820|-579
212|-438
931|788
-825|-456
683|-248
186|-945
-67|-337
-965|379
-653|159
4|800
572|240
80|532
291|-964
-527|448
713|229
-251|218
767|202
-380|-189
-215|-919
961|-600
-934|210
364|784
714|-743
985|395
95|575
-121|596
722|-132
955|204
-97|313
388|197
92|-545
82|84
-651|-746
-696|-859
-496|-578
-100|-53
-923|70
-106|-682
934|66
899|-394
883|202
257|-253
672|748
-771|-157
157|936
-27|336
258|-458
90|990
572|-152
-322|49
-601|987
791|-790
-600|612
594|-727
328|845
-876|52
-811|875
840|172
72|-666
994|-400
755|382
917|-632
-854|605
112|-133
266|-500
422|-100
-372|-824
-849|366
854|-986
446|912
-438|-693
-581|-361
96|232
452|-335
409|-599
445|-65
483|347
-175|-66
-418|662
-70|315
182|-698
-564|-485
433|-422
535|-267
706|947
-182|-328
121|403
206|763
-37|-759
-307|99
-271|248
-71|-590
-454|189
134|-240
-888|77
-44|-584
508|125
-391|-973
-897|949
-76|340
125|-858
657|-622
-940|896
-157|686
783|345
-679|-784
769|533
695|174
-799|-760
-467|-121
169|-328
778|723
-170|-167
576|-756
289|-347
-590|316
-846|83
667|506
-478|-502
-525|869
-707|-990
-840|422
-245|-526
-202|-633
-827|-909
-613|-178
362|233
-143|642
282|151
-336|-9
-724|-111
833|63
839|-113
47|-618
590|-733
-443|-168
-382|651
-907|-985
-664|679
467|-748
452|257
-271|803
645|546
-309|-457
-856|388
876|252
565|-190
914|-613
481|-467
-749|-913
-245|-350
-471|968
393|-876
975|-425
-281|-252
969|-886
365|-283
138|-239
231|169
187|297
574|377
-197|-103
577|70
-593|798
469|-771
458|858
-697|703
904|-636
729|-575
-268|-268
-414|979
-709|-381
-630|771
775|-72
366|-94
659|664
-160|400
-702|-51
-724|225
204|737
-70|-712
289|316
-543|18
367|-912
794|-596
319|-43
-590|-884
174|325
-373|-627
523|-923
-255|-742
-519|-986
-676|999
-190|77
-525|80
143|-229
-836|470
931|-780
343|-748
220|830
649|800
-645|-58
118|795
979|837
-701|556
-115|631
-375|891
-868|-35
-407|-234
227|-98
174|497
280|-333
-98|903
814|-93
888|649
-707|694
-97|638
65|-727
-231|-949
-381|-143
358|418
-932|-926
34|217
373|-196
-945|8
723|-704
-707|-96
-488|629
-646|-659
820|692
-672|-511
18|655
608|-463
868|862
636|-937
838|-422
240|-117
-650|-572
887|46
662|-258
586|200
409|301
-428|-8
45|-875
-596|766
-958|473
98|923
-683|-564
829|111
-982|-261
284|23
-120|810
-710|-271
-217|425
184|109
-108|339
-98|446
744|192
-89|-514
-464|982
-399|622
-929|66
-621|-252
616|437
146|-887
367|810
-528|164
-82|-476
-514|933
-508|901
776|-928
182|139
-233|692
-83|472
567|697
149|157
115|-228
-419|642
-948|-555
-349|-895
-748|783
-805|277
-373|-389
801|-782
467|-875
-227|-692
-113|177
-567|445
799|-33
811|174
7|852
-679|886
-177|74
747|305
268|-19
850|-395
28|-579
-73|-679
-509|554
787|76
202|384
-430|392
985|-406
-204|3
385|406
-320|-457
-240|575
-392|-925
228|-391
-576|-868
496|-263
71|67
792|362
397|-838
462|868
561|779
666|244
879|-294
-311|396
743|950
-798|475
827|-792
-357|311
-621|-20
-732|-151
893|344
337|-950
-992|-503
99|569
921|-432
-567|-529
-288|-426
76|-316
414|302
169|-315
314|196
99|494
235|-670
254|473
454|-772
795|-747
-646|-428
-32|-700
-80|881
-644|-306
44|281
-338|637
-268|135
-3|943
677|365
-707|614
257|855
36|-83
886|-273
-776|39
-749|483
297|262
-684|-307
-957|-279
766|-334
115|-514
36|774
-156|-823
-752|268
-465|-827
555|-966
500|-976
-314|-270
-259|-75
164|609
-376|499
491|-655
786|-444
381|-733
524|809
-440|628
-115|786
-910|394
389|231
389|-871
-974|483
817|762
-588|533
662|-518
85|246
591|656
140|961
374|571
-830|-42
-575|348
298|-744
-627|-581
-557|-114
-131|-51
612|-335
533|-895
467|-591
-165|450
727|239
376|-124
-726|-96
-761|-481
-398|260
-567|-87
-801|-153
990|-135
-354|950
-914|187
-139|677
326|783
954|-39
-210|847
316|176
475|773
-955|-321
-748|-820
-22|-721
-528|-121
-451|1
700|160
-27|275
890|-700
-424|354
700|670
112|-992
-622|459
-687|309
238|5
126|-758
340|-772
-737|285
-93|-463
-133|808
-180|900
252|-23
360|377
494|-607
557|-406
545|-337
635|-373
-859|-204
435|-525
-727|388
-213|658
540|-624
613|-319
682|-998
-903|851
605|-910
-938|190
3|85
72|191
599|-506
855|-188
728|980
-551|915
584|596
-32|544
591|939
581|262
266|704
339|-43
844|-821
177|31
-856|532
794|-969
683|-826
46|752
529|845
-799|613
75|149
180|368
463|124
466|918
-751|-784
540|-815
-491|27
-348|115
184|-699
-811|314
941|583
-694|830
816|-326
-337|490
483|-308
346|-944
416|482
-880|-364
-590|-905
-375|-347
785|651
237|353
-483|-927
435|285
92|910
610|59
-281|557
349|-569
417|-964
960|-809
-137|-458
-331|-274
418|-671
-972|-733
-355|568
-115|-662
900|-728
-421|128
219|-418
-630|361
255|-646
-661|440
-937|84
912|-281
697|-499
131|-970
398|827
-415|-498
975|735
383|-874
-982|-473
-249|942
-252|-101
278|935
-709|-618
-55|-384
405|593
-165|355
194|847
960|772
-222|-474
71|-357
648|-397
732|-676
419|560
-131|354
-981|174
-917|-309
983|186
158|608
263|948
-96|527
287|-407
443|138
-882|986
963|311
861|681
-575|649
457|390
329|732
-510|-508
-244|547
-325|146
-142|-970
511|644
-119|-748
526|664
-299|-318
946|595
603|894
121|489
-150|146
198|511
-852|-770
991|569
-905|-765
-254|826
446|618
-791|-775
-610|-514
-205|399
-8|-585
-710|538
561|232
501|308
-177|66
337|228
705|608
-855|145
-740|878
-804|248
918|-623
-354|587
-417|-944
-488|-682
458|246
-238|367
786|12
908|-835
707|586
-58|273
829|-85
719|4
175|-636
647|-16
-293|250
306|399
-67|-721
420|-145
520|751
810|310
201|-251
-988|-562
964|623
-214|361
-169|-311
952|-191
-295|-989
-287|-70
237|448
-243|-862
23|-409
776|-975
769|-36
-695|187
-666|-813
-936|-794
370|-209
460|-815
-534|-11
388|811
959|-362
556|360
-5|-496
317|195
-251|-440
478|402
533|-405
292|663
933|438
-92|292
-34|-999
972|376
-405|835
-139|261
-68|-516
569|-311
-158|194
-831|97
-950|767
-350|475
-954|568
160|-190
-638|285
-26|858
690|946
429|-31
218|-240
545|552
555|-390
844|647
488|453
199|-771
53|177
-515|-790
838|461
-791|-360
-864|302
100|-754
818|-822
-223|-823
116|-853
-303|-446
57|-213
66|636
-920|-526
-741|-273
-948|408
184|-391
477|920
158|-45
-857|605
-536|351
-781|-327
124|-646
-29|-481
-643|418
266|630
-409|-894
-205|512
555|-293
469|771
743|141
36|-14
323|-5
-331|925
-819|-80
-370|710
-85|-84
311|738
65|736
-582|-440
-77|857
645|-661
-603|-350
-856|-550
-501|-858
-85|-353
-342|-128
907|383
816|-218
-446|364
863|998
945|-642
-149|642
-502|990
820|948
966|-531
-716|336
-732|167
552|834
-318|-557
432|-527
595|585
-900|866
181|602
-50|256
-949|-110
462|908
-464|320
934|516
89|-541
733|-567
566|296
534|427
782|-641
-476|248
240|-611
-951|598
817|-113
480|76
-791|-457
-82|-794
-686|776
-958|632
992|741
541|944
-511|233
-865|454
430|267
71|301
-869|-603
874|-362
-531|-600
-856|95
455|188
-292|-393
464|-877
665|-703
-536|588
-939|805
-955|-948
-626|-651
11|835
890|49
63|957
-700|964
880|706
198|255
501|-792
353|-445
555|-831
-507|-521
-264|583
-431|-397
-323|-852
-592|-44
27|-95
-992|-165
-796|-510
-865|-239
797|76
208|-942
493|-767
-334|413
-806|-766
298|32
99|-403
-47|169
-986|70
572|-483
-732|-271
595|-305
-782|407
-995|185
-897|656
-231|490
-605|-871
-718|231
-785|-729
-782|-3
-570|-371
-737|-243
441|-945
-416|480
314|-524
559|985
-5|-821
300|-939
571|-765
999|-431
-237|-42
577|223
-415|614
-417|-999
202|-970
132|402
272|409
-521|890
720|29
275|912
-364|-302
-759|-483
-754|-249
-407|-56
-533|-347
16|27
-214|123
66|252
778|-192
-708|927
-900|-801
509|-76
534|-117
245|-218
64|47
-77|-568
100|-178
-810|-593
-729|-15
676|823
475|119
-438|403
662|-952
258|915
569|491
814|-755
802|903
21|-508
-874|-687
971|-566
-55|453
848|-958
-215|917
972|441
444|671
-155|-553
797|757
-951|879
596|-657
-192|-981
-424|-713
-725|-502
446|-931
168|-685
-598|720
-812|-128
796|924
-432|-420
445|-396
748|-313
-225|-64
-309|-462
147|850
-31|234
-826|-139
-760|586
-521|-216
-613|269
830|734
-469|188
-782|-951
152|458
-67|179
495|869
390|-496
-151|767
-761|-713
793|744
-402|-278
-258|138
918|764
-524|719
-7|746
675|-787
-962|195
-870|-407
797|283
74|656
641|821
-501|-711
-90|67
-602|-883
-209|-614
-233|-739
-615|388
-348|503
70|-387
68|729
-484|-559
-983|-339
863|44
892|348
212|-215
294|-21
-488|-347
-715|-696
720|-75
610|181
-972|-491
538|-330
487|-115
-946|-615
-708|304
300|748
694|835
61|150
-429|225
-917|805
-480|870
889|-737
872|509
255|777
-911|-598
104|706
672|221
367|459
-503|277
961|827
937|-214
745|962
-457|-522
-312|-233
815|141
141|845
744|-661
-643|919
-497|-322
-465|-990
657|-247
542|-460
994|302
-514|539
922|499
168|-158
-802|-559
558|-710
14|-289
-4|398
-888|632
500|56
-644|62
-64|415
-203|378
-674|683
-160|-382
269|-331
527|-403
-75|330
375|-960
-532|324
243|364
468|299
-181|-729
99|-349
170|541
217|-597
271|-545
-822|-725
-175|525
266|659
574|-512
-523|615
-748|-546
-667|796
-126|503
-147|-616
245|-355
212|-575
662|445
-323|-880
535|-574
976|713
725|-124
-540|-809
-467|-236
-271|466
125|574
233|-399
-795|735
53|689
-860|904
-151|-926
543|860
-956|409
-566|-851
-341|-578
-647|-989
-751|-915
205|709
821|559
-223|292
763|-122
-650|547
609|261
131|695
785|-406
-703|472
-187|557
535|-585
-701|726
661|-586
543|109
-912|-238
-245|-745
-255|264
-594|-938
-22|870
-317|-178
-439|-798
173|57
-917|-652
789|959
673|-962
663|285
847|-867
-860|126
-566|377
-563|947
-993|-3
-144|-331
-789|-463
-544|-347
-87|-772
-451|297
-52|576
-257|535
724|987
203|-283
802|966
563|884
-551|904
67|895
-631|-410
296|-827
-123|160
-834|-288
725|360
-823|-686
-533|457
388|-383
-234|-946
745|833
-81|-775
-758|-999
-706|972
815|-854
-531|-363
-5|-580
827|456
-485|-585
17|595
-235|378
774|-94
-199|560
-537|207
-37|-905
-405|-588
-237|546
838|272
-881|-367
-88|-784
228|60
-589|-557
186|-395
490|218
-521|590
79|138
159|-847
-418|-430
-943|-445
143|477
-246|10
396|-196
130|127
223|764
-80|-332
555|-384
460|-996
-39|501
256|58
374|233
-273|464
934|30
-701|865
-936|623
-809|850
660|557
-82|228
142|928
710|-203
-256|317
460|-386
-696|294
145|566
-178|304
809|995
441|-841
-533|456
-536|-685
222|934
44|-731
213|15
-217|-881
392|721
-465|-52
326|826
-174|542
741|-155
-863|738
-591|-397
-463|606
-822|779
488|-318
-489|-193
-319|-323
896|654
-275|6
359|-651
-790|478
-977|-649
-670|-533
182|-367
-483|348
532|-717
-815|766
887|-364
-94|110
909|-218
951|-189
669|184
-969|-182
394|211
684|-422
241|-781
836|-264
-515|64
-15|-181
911|-902
670|787
-544|-439
-495|-114
231|-700
613|-861
-787|665
-196|-393
-610|700
796|-995
-288|-384
267|-509
-486|600
-922|12
947|-453
2|240
-414|704
427|-157
226|192
4|632
-301|-699
965|-46
-456|-299
534|88
-138|222
-737|654
431|-15
-767|91
129|874
218|-48
531|-20
84|-704
-266|674
790|-42
-830|603
258|-596
-103|-601
435|48
348|-936
-1000|993
-229|-240
910|-300
-562|869
-640|441
-797|-7
-135|-433
-339|459
489|-188
822|-177
-12|-750
796|-932
88|-573
-565|-511
596|299
966|-312
-853|68
-870|-326
-542|-446
-752|751
446|277
445|-368
-278|256
651|-606
627|-171
240|-661
899|-864
-97|-520
27|-918
572|-85
380|-820
-32|-685
713|-472
-243|-284
-253|236
-641|423
422|570
534|-302
852|232
820|-886
-381|-150
-596|-921
-977|64
-639|290
-343|-97
-823|132
-86|772
616|517
-799|-589
50|-163
734|97
-480|-979
-823|-829
-397|736
-39|-470
837|806
696|-374
913|-877
-583|-420
331|-610
-448|910
-179|-754
644|-113
-351|-113
400|748
-312|-118
346|-553
-889|397
952|836
923|-74
-193|366
519|807
862|797
-912|363
-28|134
1000|539
-777|758
-972|537
61|823
8|928
351|-37
-104|240
-150|342
-993|-768
376|-755
153|-495
-404|-468
-163|-250
58|-120
-293|113
485|430
139|-762
-834|384
-325|-535
510|204
-210|-866
-585|981
-562|-883
-743|207
-914|440
-511|405
343|-661
465|-865
-607|425
666|673
995|960
-145|-31
768|-299
-249|256
-322|897
-640|-206
453|452
-453|-572
625|-340
-924|862
-851|739
956|952
975|-376
476|-161
808|26
772|425
-155|-752
-482|-50
-574|577
-906|693
-904|624
958|161
-31|904
888|307
811|-523
646|-147
-138|-753
-175|-410
647|612
511|830
106|125
-737|-14
361|663
-312|-722
-431|631
-528|-538
692|-433
-519|43
-310|-20
-660|729
-550|-335
597|651
-398|50
312|-280
-543|-327
-540|-142
-115|675
-307|-462
-280|-114
556|-901
-545|-445
919|-441
-835|731
296|291
-356|-362
-659|165
-464|724
-944|685
-47|163
533|-202
-644|173
-482|272
-401|564
-344|-95
-503|-17
-367|236
421|331
-387|569
245|-688
-532|-128
213|-568
-297|-664
153|318
-368|215
-590|-212
466|-914
27|41
411|-748
783|86
676|-333
431|22
-961|862
213|488
-860|264
689|474
262|-705
394|-537
510|-796
-87|737
144|507
-41|948
-75|624
-225|313
960|992
-993|-332
725|576
-81|-125
267|15
-886|-610
259|-961
335|40
-457|731
548|464
348|925
-295|-257
-955|-741
197|774
-810|-371
49|-432
711|-764
554|-827
-448|373
721|950
710|-290
918|-150
-201|-941
-760|946
881|615
-833|908
-511|851
637|721
336|-742
195|-91
728|695
-389|177
-467|235
-905|-514
890|-236
-175|163
-901|-854
-596|622
-585|-40
-161|347
-414|-253
-626|769
-802|-647
355|-12
-856|-571
211|-584
44|-574
506|908
-758|853
-265|605
-616|-998
-545|-606
893|433
-369|408
-504|108
-896|105
-982|531
-926|215
-9|-154
86|-587
957|982
-837|922
-975|202
-999|-396
702|-812
505|-836
-71|-724
-748|-306
20|535
-405|-367
-146|-33
553|-721
-929|883
547|261
-2|-575
-938|-405
33|950
-69|72
337|665
-637|327
-590|528
-681|-127
-42|687
35|765
30|-396
728|-678
605|749
408|886
-330|789
876|-188
270|-886
-894|795
-210|748
-469|366
-860|-928
573|-583
698|-270
-214|-827
-198|-155
-892|556
-947|782
81|264
334|589
113|-926
-318|-959
269|627
-590|-394
-848|538
196|-993
-862|-549
358|141
-643|-454
304|756
-599|414
276|212
353|205
-421|-598
447|356
541|-827
23|-323
-700|-796
-262|853
686|-466
-944|365
-137|691
-914|533
-481|757
561|454
-340|737
-407|619
455|406
-235|397
-119|860
127|514
-108|569
-883|-297
-223|-974
711|-879
970|2
-587|152
-168|797
20|-607
-848|-262
723|129
791|394
584|12
-768|-279
876|910
-892|-982
366|114
-559|177
692|76
435|-632
657|-470
-121|-603
696|20
725|200
-839|-657
334|-67
-133|823
455|-480
618|-611
-85|-644
856|386
-885|-846
-498|-608
-191|511
300|732
-276|815
833|298
726|561
-526|168
236|345
742|-661
974|-471
-924|-588
-12|-737
-458|787
-175|355
909|813
686|310
244|289
-633|676
-894|-106
254|-441
-562|172
920|448
40|-47
490|997
-563|439
339|169
-176|64
-494|-456
-668|521
-364|616
783|-924
647|-756
-925|-513
160|600
453|955
-97|578
890|105
792|623
-558|-558
-103|-292
467|-482
-550|63
396|-977
-577|214
-688|-668
-600|-438
464|-923
47|485
657|646
-682|-84
689|287
-322|-256
17|-906
-890|385
-299|516
-273|920
-629|896
985|-788
980|-743
-807|-36
168|-880
888|885
338|889
43|-18
-927|-88
-567|-116
146|127
-170|-33
-586|146
-541|822
834|588
-587|465
-380|-817
153|-665
-340|-171
-57|-38
-381|-569
803|-368
817|-316
476|604
896|983
160|560
212|134
-59|-508
-925|-836
-747|944
306|655
943|855
515|485
-545|449
291|-684
-195|-734
-861|-718
-773|-659
-853|748
507|-383
-476|-669
-611|-881
-815|-677
851|755
617|-946
383|842
64|560
825|-916
-485|-103
-56|-814
366|-618
-898|-821
-126|95
-993|585
-808|715
-911|848
308|-76
223|-372
967|527
-680|854
-871|-424
714|-889
438|-370
-920|-827
-509|866
-523|-937
383|-631
-646|-480
832|-189
611|137
-897|-260
155|973
320|271
-574|-152
-741|161
-594|812
231|-305
-286|843
813|561
189|780
886|379
140|-433
514|-463
710|-176
-895|774
285|-819
-570|274
-423|-948
-378|-687
-15|-254
-585|-851
927|-795
-404|477
-239|768
-835|-705
965|585
447|532
927|-959
-673|410
-456|-77
514|-332
398|-53
-728|501
307|-176
-227|252
-654|698
-219|855
910|845
-171|713
966|-475
694|-163
214|673
837|-511
-523|-596
554|-67
903|262
616|592
-145|-14
-770|-147
-133|-494
-439|-383
756|846
756|-935
-641|340
652|263
890|966
-51|394
-664|-693
-223|-540
-687|823
-862|917
-166|-16
500|358
-237|-380
946|593
512|75
741|802
-908|-722
461|-444
-349|-653
-795|-967
276|261
-292|-5
-407|-523
-917|-395
106|121
80|-770
-127|-971
192|337
-416|363
570|-729
385|465
-335|687
531|-342
311|574
891|135
-300|-138
-85|-442
-919|988
168|-124
-813|-542
925|223
-235|-237
984|-134
872|28
-5|741
-987|109
492|994
-782|-684
249|-820
973|-812
422|-672
-909|348
153|-618
619|290
-104|-364
886|609
-934|-400
-628|405
-889|975
-881|174
-736|952
380|-812
-378|-484
-958|-833
-57|38
936|-132
-55|-508
-72|-728
236|838
103|497
214|211
-752|-503
-973|-690
942|-896
-492|-726
-935|673
-201|-238
-914|959
-176|902
276|623
356|956
620|-898
-588|-279
125|-706
-668|907
-18|895
444|-725
-155|607
-628|-432
617|-473
-208|-827
-900|340
-979|620
381|-443
-780|-513
-197|886
-276|-227
-708|77
-929|201
-614|669
-714|78
488|831
396|-499
-379|236
-411|163
328|697
-577|683
-330|-159
370|-32
489|524
678|143
-320|887
-181|511
514|846
805|729
524|-854
663|472
-659|-846
-591|-198
407|-748
-133|857
638|-498
544|-378
785|-71
898|-228
585|-155
554|223
386|629
-457|-932
350|-952
-865|426
-356|466
-97|-36
60|-501
678|545
-858|-301
-424|-3
850|915
-386|596
826|-16
294|444
772|134
-696|618
800|-457
-849|440
300|-413
404|505
-821|-652
-697|-299
246|828
-120|-849
939|869
833|562
-15|-406
-939|447
486|216
145|-596
-399|263
945|-768
-580|-43
962|208
297|182
730|-118
-364|921
995|74
818|-362
-933|611
-665|-16
41|-170
-332|-483
-750|-694
-367|-746
-750|-343
-669|931
318|424
256|-319
-9|-42
292|-916
4|846
-390|678
624|-311
-213|-361
-701|183
-797|647
-272|603
859|-342
498|628
-923|548
-605|132
850|-258
436|-928
-396|-700
470|400
474|8
405|-777
-658|-772
-797|-187
-528|-73
891|-801
-268|-782
-671|-958
-941|115
771|979
958|990
-536|-288
-861|238
-155|266
935|-77
-59|291
454|916
657|44
-759|-337
471|2
-647|-689
-134|271
-622|703
291|-851
894|877
-666|384
-839|-696
20|85
390|218
-729|-982
824|-223
-219|-72
882|-624
410|333
215|-738
-409|747
644|-874
929|790
-162|-10
322|-511
-3|-850
982|493
557|-296
-30|-970
766|-165
647|-697
-909|-804
578|666
-166|661
-188|47
632|-708
-356|363
-675|-764
-59|-513
-768|-484
105|-954
-244|-980
-42|-68
-508|682
-108|-160
-522|840
626|337
-447|-436
974|-319
663|161
-650|269
205|449
316|-370
-744|938
267|107
960|292
829|-653
-415|376
57|-384
-424|671
-684|-979
4|135
-296|-652
684|-6
-589|-218
455|-788
-604|293
7|-248
-746|224
454|-983
943|-248
-124|129
-983|-860
583|-636
989|-42
-811|-345
-672|98
-586|857
882|278
98|957
444|-874
751|13
777|-539
10|807
-276|-100
-533|-167
-120|-950
547|351
17|-363
-153|470
-380|-762
-731|647
-612|377
-798|793
296|-114
757|-386
34|69
-139|897
596|430
-567|364
-406|-821
-534|881
-150|769
768|622
466|765
-128|60
448|-512
-891|476
298|-766
-698|447
842|861
477|-245
673|270
-138|-305
-613|132
862|811
-17|-804
-667|608
-266|-349
-460|-271
629|664
706|-862
-555|660
-997|111
-247|-925
-509|345
939|420
425|-919
375|140
-864|-520
-11|-44
773|812
391|-858
759|-979
-393|-318
723|-339
739|-1
-244|-254
-78|-665
-747|-620
872|-980
454|-284
-762|-590
-263|-298
655|-303
984|550
-672|-723
455|922
295|-40
947|620
-424|-86
-48|602
-143|-619
-426|751
213|294
-831|-683
172|-366
-620|764
-359|-11
893|-846
886|-293
963|915
-206|924
-294|943
-431|-771
423|969
926|845
-989|667
633|-763
-35|111
-632|-137
-795|-701
874|834
-923|-954
138|32
-585|-732
121|245
-89|47
454|-437
544|-43
243|752
736|384
-122|-371
749|83
-680|-287
793|-409
484|202
-155|793
-878|-837
-357|856
-38|757
100|62
292|-789
195|-224
-914|-643
760|-859
-154|369
-775|-537
-533|-181
-730|-239
-947|308
-764|412
614|760
-963|-362
-991|14
-171|260
-780|-446
-303|617
-6|-240
-241|-909
475|-726
88|-572
-22|-496
-519|-642
-510|-149
-370|-967
162|83
918|302
-336|-84
-171|-565
-452|-313
121|-984
101|-265
970|-642
-735|298
-471|996
546|928
-967|-179
768|-501
180|-190
-413|996
-513|291
-122|-656
-404|544
-764|421
143|-514
-913|586
-221|-345
99|-326
763|907
603|-228
-883|241
-209|-287
-605|628
-635|-121
337|-471
-194|507
291|-366
250|-951
-18|-590
-167|-31
-538|-162
240|-677
695|265
76|730
-90|-785
996|-659
-874|-905
-849|-576
-331|-2
305|199
93|484
175|930
-397|-285
-230|-956
427|-870
751|946
-680|-955
550|915
751|342
-999|-298
932|646
19|-736
-605|-13
-859|-844
-478|257
-757|-127
98|949
558|-217
-494|-69
-720|-144
437|-459
-419|129
479|-267
904|-60
-383|-702
191|991
327|-590
689|-162
611|-906
86|813
-728|-399
-474|-37
192|-405
380|153
-62|-625
-381|-150
-780|-592
-256|142
109|-736
430|789
72|952
-60|-874
-516|357
-581|-290
395|-359
497|476
198|-793
127|-456
-749|26
352|636
254|653
145|-412
427|638
316|-620
514|416
-555|-285
-597|-40
-20|-198
252|-829
-915|209
-413|-448
-522|-249
249|-4
930|-186
-795|58
-334|-617
-626|630
-334|-651
-786|802
-267|-846
848|-863
652|-528
217|111
773|-553
-685|872
145|39
136|-612
159|-891
-253|-716
315|-441
-431|542
-327|675
176|575
3|363
-130|-886
237|-37
-709|368
307|623
-338|-904
764|564
251|-214
526|-584
892|-564
18|-377
841|-479
-826|-562
755|744
-915|942
-12|-446
-250|-503
-877|919
540|-717
119|-967
-611|154
-144|21
-705|-287
739|-406
-734|459
431|-522
521|-25
-388|-135
649|-975
-933|451
278|-889
-259|-270
-778|535
388|1000
485|-621
189|979
894|661
-299|-752
-248|387
636|-813
315|247
-240|738
-878|207
-516|127
-468|723
-666|-360
522|-340
-973|-930
31|-334
297|307
-471|-582
691|292
565|-915
108|-970
281|518
-800|138
975|78
979|858
-83|967
62|-805
796|-224
-298|-689
62|755
-333|9
-240|901
892|-605
37|14
437|865
619|757
123|-95
823|24
-704|-770
-550|-4
-794|-273
-732|237
-410|-27
595|772
-798|-649
-606|497
-96|-694
907|654
-275|-832
-614|607
