1000
-377|610
-393|297
834|631
521|-397
-518|-452
766|378
907|-84
39|-86
-636|784
467|-870
305|209
-754|-964
-841|-288
-557|650
221|-972
-79|526
-627|448
-431|533
704|485
-761|-157
-640|-327
-222|715
692|-537
-159|-976
-972|736
133|-242
-323|732
26|-282
184|554
-719|-341
-6|787
-244|-204
53|-100
473|988
918|-579
562|881
2|342
-229|694
-798|-490
336|-251
-584|41
504|792
650|-900
804|-676
644|376
-601|-191
-263|-879
-144|802
463|660
837|470
235|-989
-50|-895
476|-770
435|-50
871|785
302|774
-505|495
337|-768
385|-686
436|-392
-78|484
-39|549
742|726
-453|-656
567|242
189|325
715|336
793|-474
460|-756
418|-562
765|74
573|458
309|342
860|272
833|329
387|38
-998|748
410|17
76|909
-437|-834
646|-564
875|-279
-114|703
652|128
-115|299
784|-690
627|-491
-958|911
494|-602
901|561
-559|528
899|-909
612|-389
680|-783
538|-667
343|35
-515|117
-133|-837
-23|-949
-751|-660
-34|-296
708|68
78|-98
-769|-349
607|537
389|-987
-367|726
725|-4
101|780
295|910
-666|-177
885|681
-43|-266
-307|884
-388|143
-148|-460
-109|-551
14|-882
-867|-198
408|840
-600|137
-966|-819
957|352
632|-218
-303|-682
-533|676
757|287
417|-220
-40|916
902|719
222|-897
100|-559
-289|-214
-955|283
-880|478
106|221
857|-982
837|374
709|240
789|-528
221|507
994|118
77|226
-522|906
48|890
971|572
-156|460
703|-931
-942|807
-277|245
284|905
-362|-852
254|724
-217|148
-545|-589
932|-224
-493|237
209|612
-311|-94
415|-562
-38|919
-996|-462
635|-849
851|-243
-482|-555
212|436
-486|-80
988|-139
110|-661
-984|736
634|-13
846|481
-178|944
89|204
-437|-656
-438|654
-130|-645
103|401
798|284
596|520
795|-363
-736|823
-373|-627
-643|-226
-919|-879
635|391
-778|755
-950|843
522|632
436|64
711|-237
-427|-800
-201|284
-98|820
926|241
-519|894
-592|804
-793|271
433|874
-209|220
-82|-790
502|302
634|-322
453|-981
-680|-340
350|-576
919|742
-395|801
-183|-77
572|-246
937|-874
-903|-14
-138|701
-304|-643
172|-761
844|-684
-408|-64
-119|908
-474|908
-72|332
85|-1000
-5|340
-932|-276
17|-564
-538|-925
390|367
-904|-612
-84|768
-899|-421
645|487
614|928
-593|16
-357|567
991|978
-471|-429
987|-536
-876|364
-793|527
-225|-761
491|596
-696|887
351|200
-716|-822
-915|-762
276|-453
-490|-675
421|-749
313|99
347|-237
-896|282
402|-882
-297|-746
-307|737
701|-38
-587|-39
286|-491
-684|-629
721|25
838|-200
-554|133
462|52
-146|-500
387|-442
170|77
-195|-587
-818|597
-404|98
665|-880
-317|323
-519|-184
-719|-509
-4|-179
-777|-33
792|-754
-710|-123
-885|238
-550|56
-347|-339
132|-98
-529|-390
491|-153
-821|647
276|-618
-454|-76
-430|875
97|-945
10|-773
34|-122
-909|613
-354|-682
-677|629
642|86
-344|129
762|-293
-137|-739
-232|405
764|-145
-548|-266
-897|-422
-614|-362
463|501
67|-125
530|295
-72|524
344|-377
-168|135
527|662
31|797
-105|564
-723|384
-699|506
-928|-264
558|-557
399|-838
-571|-294
-283|-109
878|614
985|-15
-403|-846
-714|46
834|667
-329|-414
844|-802
712|270
223|-846
-753|678
-552|-418
917|150
990|902
-505|-499
-239|378
794|-150
16|-298
289|112
-472|168
-581|-45
-668|-176
-390|813
688|423
-716|857
327|-307
418|649
755|291
825|38
555|601
-901|602
849|-970
-584|997
-697|-101
430|-889
131|-55
428|-71
157|379
-29|713
715|-591
-737|194
-139|-405
-220|184
-975|-169
-75|-634
-868|771
250|-701
-586|-99
375|-35
38|567
-362|-147
-330|-375
696|-48
-395|652
-243|927
-391|-506
-603|-681
697|845
-585|-249
-872|602
-616|78
760|-264
-522|906
641|310
-593|447
-731|756
-885|-893
483|-265
-288|512
-689|-872
-905|805
-12|-104
773|837
-590|680
-245|-282
-589|351
454|-402
-11|441
532|-877
246|-401
-301|-318
-298|693
-850|-928
736|148
-374|36
-52|285
666|-717
161|984
73|694
-123|573
572|250
96|661
-267|804
-243|-660
-900|753
332|859
389|836
-539|-440
173|-646
-562|86
-680|75
876|293
-570|10
-921|124
-154|388
-367|-490
-677|-401
756|-814
-335|673
26|-852
549|389
-71|-367
-893|689
497|676
488|-881
76|-728
425|-584
366|216
-574|867
249|-772
-526|-134
-640|828
513|604
633|266
-394|457
-129|-642
595|-97
658|-6
-70|-215
-940|-947
607|-285
-246|-168
-909|-456
-350|-835
426|-521
-695|-321
-895|48
-909|-137
-280|760
879|-121
985|395
398|-40
270|-540
768|631
-903|-106
-964|-662
-208|-109
-570|-550
430|593
522|-528
-914|359
884|455
-966|716
890|-564
-410|183
-821|-967
135|237
940|364
-395|490
146|138
659|379
-700|139
848|750
914|797
-570|366
-978|-731
-348|-312
-105|-619
692|636
938|-641
83|21
-947|-263
-780|-101
-764|-159
-388|976
-649|442
-576|567
-903|21
-336|32
605|702
634|-875
-294|328
-127|-254
658|-636
907|-83
-152|608
552|-597
935|-555
-274|-8
-814|305
-43|285
-973|899
901|942
378|67
5|-509
188|-403
-578|-626
645|-488
-660|-987
760|517
-301|-546
-307|381
-202|943
-496|152
-875|812
941|354
587|192
-455|-141
-296|-377
535|-889
762|-447
744|477
750|-2
-265|-767
-108|270
-423|-519
49|-787
-668|266
577|105
-994|975
-971|888
619|310
792|951
874|-166
669|-219
-958|-812
-459|-468
668|659
373|198
73|-799
-998|-979
-993|-42
31|507
196|-907
825|471
414|-50
119|622
765|32
162|503
-439|-461
561|-696
-238|-429
834|631
956|31
-985|742
-887|-699
-553|-274
-825|491
-221|-185
-952|917
-911|-957
-893|634
-358|-520
-838|220
746|978
-347|166
78|538
-393|580
958|486
297|749
945|-962
336|-495
425|699
795|765
-851|781
205|246
546|680
495|-969
202|-22
13|-236
795|-737
-649|578
-436|-508
331|-908
984|-113
-637|436
-886|556
691|-312
-894|75
-587|-868
-439|815
-191|-145
-211|-610
-487|-871
-951|-198
-677|15
21|753
-669|812
-700|234
237|186
-497|345
776|-200
456|-466
695|701
175|868
-535|-996
-719|-94
431|-45
-654|-904
-401|-865
-988|-645
-148|699
-789|400
-102|476
-306|-784
412|151
879|-385
-582|433
-799|-834
344|525
-125|430
-232|-695
338|-112
318|668
-999|354
333|164
-925|-286
979|-597
283|262
76|556
332|-39
144|-363
-262|-940
390|-765
-522|-733
-791|280
252|947
511|-53
336|-493
-632|-969
-975|-950
695|91
-393|-581
698|512
-215|71
-930|248
89|796
747|21
-757|990
910|-165
-695|774
637|-133
905|-34
842|-975
674|-581
275|-484
-32|-997
371|-852
-14|142
-652|929
-931|-753
772|-511
-542|-451
308|125
705|-216
44|-204
-42|-560
-105|-625
-330|772
760|-647
-757|-935
267|-916
549|-299
-424|-204
-409|-204
-845|968
440|-424
28|991
676|588
12|-957
422|860
-974|-13
190|-980
132|762
-280|-824
-854|-221
-751|-967
-919|451
262|-793
267|650
104|210
-537|-821
-775|-622
632|-97
440|-530
-302|363
31|-204
-972|-702
336|-641
-632|-275
-180|-406
-691|-977
-394|694
392|720
17|791
101|-237
-581|560
716|769
-152|399
-733|-683
-649|555
-719|529
821|-78
737|-616
-785|-111
337|190
-114|25
529|-611
-479|-338
-91|136
-122|-875
335|-401
964|42
133|-413
612|7
276|990
-247|-109
-71|-407
152|-702
340|-173
-945|-467
-789|-31
652|-840
-795|106
-20|76
263|-874
-567|586
-876|758
-787|-6
858|-95
-986|932
-870|360
-963|498
112|958
672|-551
331|-335
827|139
-986|887
-432|49
-385|78
758|-751
208|-219
-582|878
-661|654
167|195
580|5
990|200
169|879
406|172
-950|-736
-566|-741
-690|326
-554|163
195|424
-796|513
638|948
414|-446
847|-301
351|-853
663|-282
398|370
721|-260
-213|-378
99|665
54|888
618|-404
541|785
658|27
197|246
626|-951
820|920
101|-173
87|982
119|675
-155|-690
868|-572
-20|-862
-564|-510
437|-651
173|580
-114|788
-429|-460
153|-320
783|-294
-846|-376
-460|974
-135|533
493|-652
-146|-518
-531|-764
572|504
865|966
908|-198
916|105
637|-790
-718|343
772|-760
-774|446
-803|981
-364|-358
563|608
869|659
670|211
-628|325
43|920
152|561
294|701
316|982
653|302
-379|-688
255|417
236|251
-553|599
297|-41
-256|256
237|759
-615|-110
-14|-852
-64|188
656|319
-443|950
171|-470
949|-944
-231|-912
-353|-261
765|-487
-625|-469
292|-820
-390|-284
720|794
-175|246
641|-24
375|-820
-686|-732
-991|-893
-356|397
-193|-496
-338|-675
-187|19
162|-644
612|791
-152|163
-696|-240
106|-915
-460|-737
886|-747
24|380
303|-323
-710|-614
85|-843
186|894
-697|-132
-816|-384
-303|47
-857|-586
517|25
16|-114
185|971
-912|-737
-83|496
973|-261
663|79
-788|736
478|809
604|-507
316|230
-205|143
940|292
681|-725
485|212
804|-588
78|-136
573|323
380|-100
150|-561
-374|468
-642|689
887|-514
-424|738
368|124
42|-824
-518|-270
8|-600
-347|985
-664|-356
-156|-947
67|932
-499|453
765|-982
467|462
-496|656
-800|-822
127|349
792|693
-176|-758
-535|772
-846|63
-749|702
-377|-461
-328|-868
768|943
-501|889
-629|-962
209|-214
981|-181
960|-947
-782|-767
291|-28
-265|-476
948|-362
-112|531
-674|658
704|388
-319|-295
295|-274
187|237
208|-903
79|-718
-563|-371
755|699
477|-776
-912|-388
278|74
-338|249
828|34
638|-660
168|-266
-761|505
-445|-621
16|586
-128|-230
491|-906
673|-718
871|407
-291|-466
-81|-331
-29|385
-325|847
228|-66
-636|783
-258|627
501|75
735|-773
-567|-119
192|510
-320|437
-998|-226
647|-232
807|-305
-308|-485
-866|205
4|-573
-933|626
-940|83
550|376
296|252
-524|-907
-941|-132
104|465
-496|-962
466|-194
104|-322
398|347
261|616
609|-424
778|717
-577|436
546|38
-117|-330
-509|-972
-255|-156
-953|-998
-183|-304
-778|620
776|-657
-766|-331
314|-11
-406|902
898|263
342|381
-859|786
594|-834
-82|797
-364|673
-705|-272
